13 2 16 8 0 0 0 7 0 11 15 4 0 0 0 9 
14 0 0 0 0 12 5 10 0 0 1 0 15 0 8 6 
3 0 0 0 0 9 16 0 0 6 2 0 0 0 11 0 
0 1 6 10 0 8 0 13 12 14 0 5 0 7 0 0 
0 10 15 0 0 2 9 6 0 0 16 12 0 8 14 4 
0 7 0 3 13 11 15 16 0 10 8 0 9 0 2 0 
5 9 0 16 0 0 0 0 14 2 0 11 10 0 15 3 
0 8 0 0 0 0 1 5 0 7 9 0 13 0 0 11 
2 5 0 13 0 0 0 3 0 0 7 0 0 0 0 0 
10 16 0 12 0 0 0 0 0 0 0 14 4 0 0 0 
4 0 0 6 0 13 0 0 0 8 0 15 5 9 1 2 
0 14 0 11 6 0 7 0 0 3 0 0 8 16 10 13 
0 13 0 2 5 0 0 15 8 0 11 16 0 0 9 14 
0 0 12 0 9 4 0 0 2 15 0 0 0 0 7 0 
0 6 4 0 0 0 3 0 13 0 14 10 0 0 0 12 
1 15 10 0 0 6 0 0 0 9 4 0 16 0 0 8 
