0 0 2 8 16 0 6 15 13 0 0 14 0 3 10 0 
0 0 0 0 7 2 9 0 5 0 0 0 0 0 0 0 
1 12 0 13 3 0 0 4 0 15 8 11 0 9 0 0 
7 6 5 4 11 8 10 0 0 0 16 2 0 0 13 15 
13 0 3 0 0 0 0 0 14 7 2 0 0 0 6 16 
16 0 0 15 0 9 0 10 11 0 0 0 3 0 4 0 
0 5 1 6 0 13 0 0 0 9 0 10 8 0 15 0 
0 0 7 9 2 0 3 5 16 0 12 13 0 10 11 0 
0 1 13 16 0 0 0 3 10 8 0 0 6 0 5 7 
0 4 0 0 0 0 12 9 0 16 0 0 0 0 0 0 
9 0 0 0 0 0 16 7 0 0 13 0 1 2 0 0 
10 0 12 0 8 1 5 14 0 0 0 4 11 16 0 13 
6 0 9 2 0 0 0 0 0 0 7 1 10 0 14 0 
8 14 0 0 12 3 4 2 0 0 0 16 0 15 0 0 
5 0 0 0 10 0 1 8 12 13 0 0 0 0 0 11 
0 10 0 12 0 0 0 6 2 0 14 3 5 1 8 4 
