7 8 0 3 16 0 0 4 0 0 0 0 0 14 6 0 
0 0 1 0 14 0 3 11 0 12 0 2 0 0 15 4 
4 15 0 6 13 10 0 0 0 0 14 8 0 0 0 7 
2 0 0 12 9 8 0 0 6 5 0 0 11 0 13 1 
5 11 6 13 0 0 4 9 2 10 8 15 0 0 16 0 
0 0 12 0 8 15 7 0 0 11 0 14 6 0 0 3 
0 0 0 0 0 0 0 2 3 16 0 13 9 0 0 0 
0 0 0 10 0 16 13 5 12 0 0 0 0 4 2 0 
0 0 15 14 0 3 16 8 0 0 0 0 7 5 0 13 
0 6 2 0 10 9 0 13 5 0 15 0 12 0 0 0 
10 0 0 1 0 7 0 14 9 3 16 12 0 0 8 0 
11 0 0 0 4 0 0 0 0 0 0 0 15 3 9 2 
0 0 9 2 0 0 10 0 0 0 0 0 8 6 0 0 
0 0 0 15 7 4 0 16 0 0 2 11 3 9 0 5 
0 12 4 5 0 0 8 0 13 14 9 3 0 0 0 0 
16 7 0 11 12 1 0 0 0 6 10 0 13 2 0 14 
