9 0 0 14 0 0 0 0 0 3 1 0 0 0 4 0 
6 2 13 0 7 0 3 14 11 4 0 0 12 0 15 0 
0 15 10 0 0 8 13 9 0 0 2 14 0 0 0 6 
8 7 11 0 16 0 1 0 12 0 0 0 5 10 14 0 
11 0 0 16 0 0 10 7 0 0 0 0 13 0 0 0 
14 0 4 12 0 0 6 5 0 1 16 0 0 0 0 15 
0 0 3 15 8 0 0 13 5 0 6 0 4 0 0 0 
13 1 2 6 0 16 0 12 9 0 0 0 10 0 3 14 
5 13 1 0 6 0 0 0 0 12 15 9 14 0 0 4 
0 0 8 7 11 15 0 16 0 10 0 0 9 13 12 0 
16 0 0 0 5 4 12 0 6 0 11 13 0 0 8 1 
0 0 0 10 0 0 0 2 0 7 0 5 0 0 6 3 
3 5 15 0 0 0 0 0 8 0 14 7 0 0 11 9 
1 0 0 0 0 0 5 0 0 0 0 0 0 14 2 10 
10 16 0 0 0 0 0 0 2 5 0 4 0 12 13 0 
12 0 9 13 4 0 7 6 0 11 0 3 15 0 5 8 
