10 16 8 0 0 0 0 0 1 6 0 0 9 0 2 0 
12 0 5 0 1 0 0 0 0 0 0 4 15 13 14 0 
2 0 0 0 0 15 16 9 11 0 13 0 0 12 7 0 
4 13 0 3 11 8 0 0 16 0 0 0 5 0 1 0 
0 9 7 11 3 1 0 13 0 10 0 2 12 8 0 14 
0 0 0 0 2 9 0 7 5 14 0 0 0 0 0 0 
0 5 13 0 0 4 12 0 0 0 16 0 10 0 3 2 
15 0 0 0 6 16 0 8 0 11 0 0 13 5 0 0 
0 6 0 10 0 0 4 0 0 16 7 0 0 0 0 0 
13 15 0 16 7 6 3 0 9 0 14 0 1 11 4 0 
0 0 3 0 8 2 0 14 0 15 0 11 0 16 10 6 
14 0 2 4 0 5 0 0 0 0 0 0 8 9 0 3 
5 0 0 12 0 0 6 2 8 9 0 0 0 0 13 0 
6 0 16 15 10 11 9 4 13 1 0 7 0 0 0 0 
11 4 0 0 5 13 0 3 0 0 10 0 6 7 0 0 
0 10 9 0 0 14 1 0 0 0 0 0 11 2 8 15 
