7 11 0 0 0 0 0 0 1 0 8 0 0 9 5 0 
0 0 0 15 10 12 0 13 7 4 0 0 2 0 8 6 
10 0 2 6 0 0 5 0 0 14 0 13 3 0 0 11 
0 4 5 14 0 16 0 0 0 0 12 0 13 10 0 1 
0 0 10 0 0 4 14 0 0 15 0 0 8 1 11 13 
5 0 0 9 0 0 2 15 4 0 0 0 7 0 0 0 
0 0 12 2 0 8 1 7 0 9 3 0 0 0 0 0 
0 0 0 7 0 3 0 12 0 16 6 10 15 5 0 0 
2 1 16 3 7 0 0 5 11 0 13 4 0 0 0 9 
0 0 0 0 13 2 0 0 6 0 9 0 1 11 0 0 
0 12 0 0 1 0 0 8 16 0 14 15 0 0 0 10 
14 0 0 5 12 0 15 3 2 0 0 7 6 0 4 8 
0 0 3 0 0 0 0 0 0 12 0 0 16 0 0 0 
11 2 14 10 0 7 8 16 0 6 15 0 0 12 0 5 
15 5 8 4 9 0 12 1 0 7 0 16 0 0 10 0 
0 0 6 1 2 0 3 0 13 11 0 0 14 0 7 4 
