0 18 6 0 0 8 4 20 23 11 0 7 0 14 0 16 0 3 0 15 0 0 10 0 24 
19 0 0 21 0 0 0 24 16 0 0 13 0 0 0 0 0 17 0 0 7 9 0 4 0 
25 0 2 0 0 13 0 12 1 0 5 10 0 0 16 0 0 0 18 21 6 0 0 22 11 
0 0 13 24 9 22 5 14 6 3 15 0 12 0 0 19 11 7 10 0 25 0 23 0 8 
0 0 1 5 0 0 18 15 0 0 20 0 19 3 23 0 0 0 0 0 0 13 16 12 0 
0 0 0 4 24 0 0 0 10 0 0 15 23 0 0 0 0 0 8 0 16 0 0 3 19 
0 0 0 0 0 0 0 9 0 0 7 17 0 11 10 12 18 0 5 0 0 6 0 0 13 
11 0 0 0 2 0 0 0 0 24 19 16 3 5 21 23 0 0 20 14 8 0 0 0 0 
0 0 0 0 25 21 0 0 0 0 0 9 6 0 0 0 19 10 17 16 0 0 0 15 4 
0 0 0 12 5 15 3 0 11 14 0 22 1 25 0 2 0 0 7 0 0 17 18 23 0 
21 6 11 0 10 16 23 25 0 17 0 0 0 0 9 0 0 12 0 13 1 2 0 0 15 
0 0 0 0 0 6 0 0 0 8 16 21 15 0 0 0 0 0 11 0 0 0 0 18 0 
0 0 19 7 14 20 0 13 0 2 12 3 17 1 24 18 0 0 6 0 10 21 0 0 0 
0 8 4 0 0 0 24 7 0 0 0 0 0 0 0 5 15 23 1 25 17 19 0 0 0 
0 12 5 0 0 4 0 0 0 0 0 23 22 0 25 21 0 0 0 0 3 0 7 13 0 
9 0 10 0 0 0 21 0 0 23 0 0 0 18 5 0 0 0 3 0 0 14 0 0 0 
7 0 0 25 0 5 6 0 17 0 24 0 0 0 0 8 20 0 0 0 0 10 1 9 0 
1 11 0 0 20 14 0 19 0 0 17 12 21 0 13 0 2 0 16 7 0 15 4 0 5 
0 4 0 0 0 3 20 0 13 15 10 1 0 0 22 17 0 18 9 11 0 24 0 19 2 
0 17 18 22 13 0 0 0 4 16 11 0 0 0 0 25 0 6 0 0 23 7 12 8 0 
12 2 8 14 16 23 19 22 0 7 0 0 11 13 0 20 0 5 0 3 4 0 0 0 0 
0 0 0 1 0 17 8 3 15 20 0 5 18 0 0 4 0 9 0 0 24 0 11 0 0 
0 0 0 0 0 0 14 21 0 0 0 0 0 16 0 0 1 0 0 0 0 0 19 0 0 
17 0 24 10 21 0 12 0 0 6 0 20 25 0 0 7 0 0 14 0 0 0 13 2 0 
15 9 0 0 0 25 0 16 0 13 1 8 0 0 7 0 0 0 22 12 0 0 3 20 0 
