0 11 0 0 0 0 0 24 0 0 17 0 0 6 9 23 0 18 0 0 4 0 0 8 1 
0 17 0 5 14 0 7 25 13 0 16 0 1 0 0 0 3 0 0 4 2 0 0 11 21 
0 20 21 4 13 0 10 0 0 0 0 3 0 23 11 12 8 0 24 7 15 0 0 6 25 
0 0 9 8 0 4 0 0 0 0 0 0 0 0 0 13 15 17 0 2 0 16 0 10 14 
0 0 0 7 22 0 0 0 23 18 0 0 19 0 0 5 0 0 0 14 13 17 0 9 0 
0 0 10 6 0 13 0 0 0 0 0 0 5 0 0 0 0 12 0 8 0 0 14 0 0 
20 0 25 23 15 8 0 5 22 9 0 0 7 0 0 0 10 4 0 6 21 0 0 0 0 
0 19 22 1 0 0 14 3 16 0 0 21 17 8 6 20 0 9 18 0 12 0 0 23 0 
0 0 3 17 0 0 18 7 0 0 24 0 0 22 0 11 0 19 13 0 6 0 20 0 8 
16 24 0 18 21 0 1 0 0 10 19 0 0 2 13 0 0 0 5 0 3 25 0 15 11 
0 13 18 12 0 10 0 0 24 23 5 19 21 14 0 0 6 0 7 0 0 15 2 22 16 
0 0 1 0 0 0 21 16 7 0 3 0 23 4 18 8 0 22 19 0 9 12 6 14 17 
7 0 0 0 0 0 0 0 0 0 0 6 0 0 0 21 0 0 10 23 25 8 11 20 19 
0 0 17 0 0 11 5 0 0 3 0 0 0 9 20 0 16 13 0 1 7 0 10 21 0 
0 0 20 0 0 25 0 0 18 0 0 0 0 0 0 0 24 0 0 12 5 0 4 13 0 
23 0 19 0 10 9 0 6 0 0 11 2 14 0 0 16 20 0 12 0 0 0 0 0 0 
24 18 4 0 17 0 0 15 0 2 12 20 8 0 0 0 13 11 0 0 0 0 0 0 0 
0 0 5 25 0 0 16 0 0 0 0 24 18 3 0 7 22 15 9 0 0 0 13 0 0 
1 0 0 3 9 0 0 0 5 0 23 17 0 7 0 0 14 2 8 19 24 0 0 0 15 
14 0 7 0 0 1 0 18 19 24 0 0 0 0 0 6 25 21 0 0 10 0 0 12 4 
0 8 11 19 18 0 6 0 0 0 0 15 0 0 0 0 0 5 0 3 0 14 0 0 22 
3 7 0 0 2 18 0 11 0 0 21 0 0 1 12 22 4 20 0 0 8 0 0 0 9 
0 23 16 20 25 5 0 9 0 15 2 0 3 0 0 18 0 6 0 0 11 13 0 0 0 
0 10 0 24 0 0 0 13 0 0 0 25 4 0 17 19 0 0 15 11 0 0 0 7 0 
17 0 12 0 1 14 0 0 25 0 0 0 0 0 19 0 0 0 2 0 0 0 18 0 3 
