0 0 0 5 10 0 19 14 0 0 0 3 0 0 25 0 0 0 0 21 0 0 0 0 0 
2 17 0 24 20 0 22 0 3 0 0 8 11 0 0 4 16 0 0 7 0 21 0 5 0 
6 0 0 0 1 0 16 0 0 12 24 9 22 17 4 5 0 0 0 15 0 0 0 0 0 
0 0 8 0 0 0 0 23 0 10 18 2 13 0 20 1 22 3 9 24 11 19 0 0 0 
7 18 23 0 0 15 0 25 0 1 0 0 0 14 10 0 0 6 12 0 4 0 3 8 20 
24 0 0 6 21 0 23 0 0 3 0 0 10 5 14 9 19 15 0 17 8 0 0 0 1 
4 0 0 0 2 8 20 15 22 19 0 0 0 11 0 0 0 5 16 1 6 0 0 13 24 
0 0 0 0 0 0 17 0 0 0 16 0 0 8 6 7 0 0 2 0 9 0 25 0 0 
0 0 13 11 0 0 14 0 12 6 0 0 0 20 0 0 18 24 0 8 0 17 0 0 0 
0 0 18 10 17 0 0 7 0 0 19 12 4 0 3 0 21 0 22 0 0 23 11 15 16 
17 0 0 2 6 18 0 0 0 0 5 0 20 0 0 0 0 0 23 10 21 0 19 0 0 
0 0 15 1 22 24 2 19 16 25 0 11 17 0 0 0 6 7 0 12 18 0 0 3 0 
0 0 0 8 3 21 0 0 0 0 2 0 23 25 0 18 0 0 0 13 0 0 0 14 9 
11 24 0 0 0 9 0 0 0 0 3 0 14 0 0 16 25 22 17 0 0 2 0 0 0 
0 0 4 0 0 0 0 0 0 23 1 16 24 0 15 8 0 19 5 0 12 13 7 20 0 
0 19 3 0 18 0 0 0 0 5 0 0 12 0 11 17 4 9 0 0 14 0 0 0 0 
0 6 0 23 0 0 0 10 17 0 0 21 0 22 16 0 1 13 8 0 0 24 15 25 0 
13 20 0 15 0 0 0 3 14 7 10 23 25 0 2 0 0 0 6 0 0 4 0 0 8 
1 25 0 4 24 0 0 0 2 11 9 0 0 0 0 23 10 16 3 5 20 7 18 12 0 
16 22 2 14 8 0 0 9 0 0 0 17 0 0 1 0 0 0 19 0 0 0 5 0 0 
18 11 0 12 19 0 0 21 25 24 0 1 0 0 0 15 0 17 0 0 16 0 8 4 7 
0 5 0 0 0 0 3 22 1 0 0 0 0 0 0 12 0 0 0 0 0 15 20 0 18 
0 14 0 22 9 23 7 0 0 16 17 0 0 0 0 25 8 0 20 0 19 0 0 11 5 
3 2 0 0 0 0 0 0 19 8 6 0 0 0 13 0 11 18 24 0 25 0 14 0 0 
0 0 6 13 0 17 9 0 0 0 0 10 0 3 0 0 0 1 21 0 0 0 0 24 0 
