15 0 4 0 9 2 21 20 0 0 0 0 3 11 0 23 10 13 5 0 24 0 25 17 0 
18 0 0 0 0 6 5 0 16 3 19 12 0 17 7 0 0 25 0 0 0 23 0 0 1 
0 0 0 14 22 0 0 25 15 4 0 6 23 24 16 0 0 2 0 0 0 7 0 0 0 
0 0 19 7 25 0 0 0 14 0 0 0 0 0 21 0 0 0 20 3 0 0 12 4 8 
0 6 0 16 0 0 0 0 0 0 0 13 20 9 0 22 15 19 18 0 0 5 3 14 0 
10 9 0 0 20 13 0 0 23 0 12 21 5 8 0 0 0 14 25 22 3 15 0 1 7 
17 19 2 0 0 5 24 0 10 25 0 22 16 14 0 0 0 1 0 8 0 21 6 20 0 
0 0 0 0 0 4 0 0 20 0 7 0 6 3 10 11 18 0 0 17 9 0 13 2 0 
0 16 13 0 0 21 7 17 3 9 0 24 0 0 0 6 0 15 10 20 19 12 0 0 0 
0 0 0 0 0 0 0 0 0 0 25 0 0 0 0 0 0 23 0 0 0 11 16 24 4 
19 8 0 0 0 0 0 14 0 0 0 0 0 0 11 0 20 0 0 9 0 13 0 23 6 
0 0 0 10 0 0 0 3 0 1 0 25 9 0 0 8 0 17 2 0 0 20 0 0 0 
0 7 16 21 24 19 0 0 6 2 0 15 0 5 8 0 23 0 0 0 0 18 0 0 0 
12 3 0 9 15 18 0 0 0 7 13 17 0 0 22 0 11 0 6 14 16 1 0 0 10 
2 14 25 0 4 0 17 0 0 0 0 0 0 0 0 15 0 0 0 0 22 19 8 0 21 
8 0 0 0 19 22 0 0 0 16 23 14 13 0 0 25 0 3 0 11 4 0 0 0 24 
9 0 0 0 0 0 0 0 0 8 15 2 21 0 0 4 0 0 0 0 0 0 0 5 20 
4 21 12 6 0 14 0 18 13 15 0 16 11 0 0 1 0 0 0 0 0 0 0 0 0 
20 0 0 0 0 24 0 0 5 10 9 0 0 0 0 0 14 0 15 0 0 0 21 0 0 
0 5 17 2 13 0 25 6 12 11 0 0 8 10 0 7 0 0 19 0 1 16 22 18 15 
0 20 3 24 17 0 12 0 0 0 5 11 0 0 0 19 0 0 0 0 23 10 1 0 0 
7 1 0 22 0 0 6 13 4 14 0 0 25 0 0 0 0 0 0 18 0 0 0 11 19 
16 2 0 0 0 20 15 0 8 0 0 19 0 12 23 13 0 0 1 6 14 4 18 21 0 
25 0 14 0 0 10 0 0 22 0 0 0 0 13 4 0 12 11 0 5 0 3 20 16 0 
21 0 9 0 0 0 0 0 0 5 17 0 0 0 0 24 0 7 0 15 8 25 2 0 13 
