8 9 1 11 0 0 17 0 0 10 7 0 19 22 0 0 0 0 24 0 15 0 0 0 0 
0 0 0 16 20 0 7 18 4 12 23 13 11 1 0 0 0 0 19 22 9 0 3 0 5 
0 6 0 18 0 0 24 0 0 0 0 12 20 0 8 0 0 0 0 16 0 25 0 0 0 
17 0 4 5 25 13 0 0 0 0 0 3 10 2 0 14 0 15 0 0 0 0 12 7 0 
23 0 0 0 21 0 8 6 0 19 0 0 15 14 0 18 1 0 11 0 4 0 17 0 16 
0 14 0 8 22 0 0 7 2 0 0 18 0 0 0 0 0 0 0 21 0 0 24 25 0 
24 20 5 1 10 3 0 8 0 17 15 9 6 12 0 0 0 11 16 4 0 22 0 0 0 
0 4 0 19 0 0 0 0 0 0 5 8 21 25 10 23 0 22 0 0 3 0 0 16 0 
0 0 15 6 0 21 0 0 0 0 24 14 7 0 0 0 9 0 5 13 17 20 10 0 0 
0 0 9 12 13 0 0 19 0 0 0 11 1 0 0 0 0 0 2 18 14 6 23 0 0 
0 5 18 2 3 1 0 0 6 0 25 24 0 0 11 0 16 0 0 0 0 23 0 19 0 
7 8 22 17 0 0 0 0 24 3 0 16 0 0 0 0 0 9 0 20 0 2 4 15 25 
0 12 0 4 0 0 0 0 0 0 10 0 0 6 14 0 0 0 0 23 8 0 16 0 0 
21 0 0 15 0 19 18 12 0 23 13 0 0 17 0 0 3 2 14 0 0 0 0 10 0 
13 0 20 0 14 0 0 10 0 0 22 15 0 5 21 11 7 0 1 0 0 0 0 3 18 
12 0 0 0 24 0 0 0 0 0 0 17 22 0 0 0 0 6 0 7 16 15 0 9 0 
0 11 0 20 0 9 0 0 1 0 0 0 0 0 0 24 23 16 0 0 0 0 2 0 4 
5 0 10 25 2 0 6 0 3 8 14 0 0 15 7 21 11 0 0 1 24 18 0 23 22 
0 18 0 0 0 12 0 17 15 24 0 0 0 0 0 3 0 25 0 0 0 21 7 0 0 
19 17 8 21 0 0 0 0 14 0 20 0 13 0 0 0 0 5 0 10 6 3 1 12 0 
4 0 25 13 8 0 23 0 18 9 0 0 5 21 0 16 0 0 7 0 20 0 11 0 6 
0 24 12 22 17 4 3 15 8 2 16 0 25 11 6 13 0 14 0 0 0 5 18 0 0 
0 0 0 10 0 0 1 0 0 21 3 23 0 9 12 20 2 0 0 0 0 0 0 0 15 
0 15 0 0 0 0 0 0 0 0 0 0 24 18 0 8 0 17 25 5 0 0 19 14 0 
0 0 3 0 0 0 12 0 0 0 8 0 17 0 4 0 10 23 0 0 2 16 9 0 7 
