10 0 1 9 0 20 0 0 23 4 12 0 13 0 14 0 0 0 0 0 18 0 0 3 0 
0 25 0 0 6 15 22 0 16 13 18 0 0 17 19 0 0 5 0 9 10 0 7 0 0 
23 7 0 0 0 0 0 1 0 8 0 4 5 0 24 17 0 10 6 0 0 0 0 0 25 
12 24 0 0 0 3 18 0 21 0 11 0 1 0 16 2 22 20 0 25 0 19 4 0 0 
2 22 21 0 19 0 12 0 24 0 0 20 6 15 0 0 14 0 0 0 1 0 17 8 9 
5 0 0 23 18 0 0 11 0 10 0 0 0 20 6 0 0 0 24 0 0 7 21 1 16 
15 11 19 2 0 7 0 25 0 0 24 0 12 16 4 23 0 0 0 0 0 0 0 0 8 
8 14 10 25 0 0 0 0 9 0 0 17 0 0 11 7 0 22 18 0 0 15 0 0 0 
0 0 0 0 17 8 1 21 6 0 0 0 0 0 0 12 5 4 11 2 25 0 0 20 19 
0 0 9 0 0 18 13 0 0 17 2 3 0 0 0 0 0 0 14 0 0 24 0 22 0 
20 3 0 18 13 22 0 0 0 23 0 21 0 1 0 10 2 0 9 0 0 0 11 0 7 
0 0 0 0 0 14 16 12 17 9 0 0 0 0 0 25 19 18 0 0 0 8 15 0 0 
6 5 15 0 0 0 4 0 0 0 0 0 10 18 0 0 0 0 0 0 0 0 14 0 20 
0 0 8 14 12 0 20 0 0 7 0 16 23 24 22 0 0 3 4 0 0 9 25 0 6 
0 0 0 24 16 19 21 0 3 5 0 0 2 0 17 0 0 0 13 15 12 0 1 0 0 
9 12 0 5 10 0 0 6 14 0 0 13 3 0 0 24 21 17 2 0 0 20 0 0 0 
0 19 0 0 4 0 0 20 11 12 0 0 0 14 0 22 0 0 0 0 0 3 0 0 0 
0 0 25 22 0 23 7 0 1 15 10 0 18 0 2 0 0 12 19 16 4 21 0 0 0 
0 0 23 0 2 0 0 0 0 0 0 0 0 9 20 0 18 11 0 0 0 0 0 10 0 
18 0 0 0 15 17 2 5 0 16 0 0 0 12 8 3 13 9 0 1 22 14 0 23 11 
19 0 0 6 7 0 25 17 5 24 16 22 0 0 9 4 10 0 3 0 8 1 18 11 0 
0 15 0 10 0 4 0 9 7 0 0 23 0 3 12 0 6 0 0 18 24 0 13 0 2 
21 0 0 13 0 16 0 0 20 1 14 0 0 19 0 11 0 2 0 5 0 4 0 0 15 
0 23 0 12 0 0 15 0 0 14 0 6 0 0 0 13 9 0 0 0 16 10 20 0 0 
0 0 0 0 0 0 0 19 0 0 25 1 0 0 0 21 7 0 0 22 0 23 0 0 0 
