0 4 21 7 5 0 0 22 0 18 0 1 16 0 0 0 24 0 12 0 0 0 17 23 0 
8 10 0 6 0 0 0 0 5 0 0 0 3 9 0 0 17 0 16 0 0 2 0 0 0 
0 0 0 0 0 0 11 0 0 4 14 0 23 12 0 0 10 0 0 8 18 19 0 0 0 
1 0 13 20 0 12 0 15 14 0 0 21 2 22 25 18 0 19 9 4 24 0 0 3 0 
0 0 0 0 0 0 0 1 9 25 8 7 0 20 15 5 11 0 0 0 22 12 6 4 21 
17 18 20 22 16 7 0 23 0 0 0 25 0 5 6 13 0 0 0 0 0 4 3 21 0 
9 0 0 0 24 19 0 3 0 1 22 15 0 0 0 6 5 0 0 0 0 11 0 0 0 
19 0 0 10 1 0 0 2 18 0 4 14 0 0 13 0 12 0 0 0 16 17 0 0 0 
0 0 0 0 0 0 25 0 0 0 0 0 11 21 24 3 0 0 17 19 9 23 22 18 15 
0 0 11 8 0 0 0 5 0 0 0 0 20 0 0 0 0 4 0 2 7 0 19 6 14 
5 0 0 19 2 15 0 11 4 3 0 22 0 0 0 14 0 12 10 0 0 7 0 0 0 
0 0 24 0 0 8 5 12 20 0 0 2 0 0 0 0 6 18 0 0 17 0 0 11 10 
6 0 18 25 0 1 19 0 0 13 20 0 7 0 23 0 9 0 0 24 4 14 16 12 0 
0 0 0 0 23 16 0 0 0 0 0 0 0 8 0 11 15 5 4 0 0 22 25 0 0 
0 13 1 21 0 0 2 0 22 24 9 0 6 0 0 0 3 0 20 0 15 18 23 19 0 
0 0 0 2 0 5 7 20 0 0 0 0 17 0 9 4 14 0 1 6 3 10 0 22 0 
13 24 0 4 0 25 8 0 0 21 15 0 0 0 0 0 23 0 19 0 0 0 0 0 7 
23 0 19 0 0 10 0 18 1 0 16 11 21 14 4 7 0 3 24 5 0 0 0 25 0 
16 0 0 0 0 0 12 14 0 0 13 0 0 0 0 0 0 8 0 10 0 15 0 0 0 
10 0 0 0 0 0 16 0 2 17 18 0 12 6 22 0 0 0 21 11 0 0 9 0 23 
22 8 7 0 0 0 1 0 12 0 0 0 0 18 0 23 0 0 0 17 0 3 11 0 24 
0 16 0 9 0 3 4 13 6 0 7 0 0 0 20 25 0 24 0 0 1 0 0 0 0 
18 0 0 14 0 11 23 17 19 0 0 0 8 24 21 10 4 13 6 7 2 25 0 0 0 
2 0 0 0 0 0 0 0 15 22 1 0 0 0 0 12 0 11 0 9 0 0 5 20 19 
12 0 6 13 0 0 0 8 0 2 5 9 0 0 0 0 0 21 0 18 0 16 4 0 0 
