17 13 21 6 9 0 0 0 0 1 11 0 12 0 5 2 0 18 0 23 10 0 0 22 0 
0 0 0 22 0 10 0 4 0 12 18 0 16 0 0 17 21 0 11 0 8 0 0 0 15 
7 8 25 15 14 0 5 0 0 0 1 20 0 2 0 0 0 0 3 0 0 0 0 0 9 
0 0 20 0 0 16 0 25 0 9 0 24 10 15 13 0 8 0 0 19 12 0 0 17 0 
4 0 0 0 16 11 14 19 0 24 0 23 21 0 0 6 0 5 0 0 13 3 0 0 7 
10 0 7 2 21 19 0 0 0 0 0 18 0 0 0 20 0 3 4 0 0 8 23 0 0 
0 0 0 5 17 3 0 11 9 0 0 0 0 0 0 0 0 0 25 0 0 0 0 0 0 
15 6 22 25 19 0 24 0 7 0 8 9 4 20 12 23 0 0 0 0 14 0 0 0 3 
0 14 0 11 0 6 12 0 15 8 17 13 0 0 0 9 0 10 1 16 0 5 0 0 2 
13 16 24 20 0 0 4 0 1 0 0 21 11 0 0 0 22 0 0 18 17 12 0 6 25 
2 0 9 23 0 0 13 0 18 6 0 0 25 0 10 0 24 20 0 7 0 22 5 15 0 
25 19 3 0 15 1 9 22 20 16 0 11 0 0 24 0 0 2 12 0 4 0 0 0 0 
0 0 0 12 0 0 0 5 0 17 9 8 2 13 0 0 4 1 0 15 0 0 0 3 0 
0 0 0 0 8 0 23 0 14 21 0 0 0 18 0 0 0 16 0 0 0 0 0 0 0 
0 17 0 16 0 8 0 12 0 7 20 0 0 0 23 0 18 0 6 25 2 24 10 14 0 
8 15 13 0 23 0 0 17 5 11 0 14 0 0 0 0 20 0 0 0 0 0 0 0 0 
6 0 0 9 0 15 0 2 12 3 0 0 13 1 0 4 0 0 0 0 0 0 0 0 0 
0 1 0 0 12 0 6 0 25 0 16 4 8 0 21 0 0 0 0 2 7 19 15 0 20 
24 25 16 0 0 0 8 0 10 0 0 15 0 0 11 19 23 12 7 3 1 0 0 0 0 
18 0 2 21 0 22 19 23 16 0 24 5 9 10 17 0 0 0 0 14 6 11 0 0 12 
0 3 0 0 5 0 18 21 6 0 0 0 0 0 0 0 13 0 0 10 25 0 0 7 0 
0 0 23 4 11 14 0 8 0 0 0 0 0 0 20 25 0 7 0 0 0 0 0 0 0 
12 18 15 24 0 17 22 1 2 0 0 0 14 0 7 0 9 11 20 21 3 0 0 19 0 
0 0 0 0 0 5 0 0 24 0 23 16 0 0 3 12 6 0 0 0 0 0 1 2 0 
19 20 0 0 0 0 0 0 0 13 0 10 0 0 0 22 0 23 8 17 5 0 11 16 14 
