33 12 26 14 0 3 29 0 0 0 4 9 27 1 2 34 19 11 0 30 0 25 16 0 24 21 0 36 0 0 13 0 0 7 0 0 
28 20 0 35 0 0 21 0 0 0 31 19 0 12 36 23 0 29 33 0 0 0 0 26 13 0 16 25 6 0 0 2 0 5 0 0 
0 0 9 0 30 0 35 0 16 34 0 20 18 8 14 0 6 0 21 0 0 23 0 11 26 0 0 22 0 1 0 4 0 0 32 0 
23 8 22 0 16 0 13 0 0 18 7 0 0 28 0 0 0 0 6 14 36 0 0 0 0 5 32 19 0 31 15 0 0 27 10 9 
0 0 1 0 18 32 0 23 0 0 33 0 0 3 0 0 25 0 17 10 2 28 0 29 35 0 20 27 8 34 0 0 0 0 19 0 
5 0 7 0 0 6 0 0 0 0 17 26 0 15 0 0 0 0 0 1 0 0 24 34 0 14 12 0 0 0 0 0 20 29 30 23 
35 32 15 31 0 19 3 0 0 14 12 36 0 0 0 0 0 13 18 20 33 17 5 0 30 29 0 23 0 7 26 0 11 0 2 0 
11 0 0 2 0 0 0 20 0 10 1 0 0 0 0 0 0 0 0 0 0 0 36 3 0 17 0 0 0 25 35 28 0 0 5 0 
1 33 0 9 0 0 27 0 29 0 0 23 0 30 0 4 0 36 34 21 0 35 0 25 0 26 0 10 0 0 31 0 7 32 14 19 
0 6 16 0 0 27 11 8 0 0 0 0 0 0 0 24 0 0 14 0 7 31 0 22 0 32 4 0 33 0 12 0 15 0 29 0 
0 7 25 29 0 4 22 0 34 9 15 0 10 35 20 0 16 3 1 26 32 2 19 0 0 6 28 14 21 11 0 17 0 33 27 0 
0 0 21 30 0 22 0 13 25 33 0 7 0 18 0 0 0 2 4 0 29 0 23 0 0 0 24 0 0 9 20 8 6 3 16 34 
17 19 0 10 28 0 26 34 35 0 23 30 15 0 16 14 11 22 8 0 13 12 18 0 0 24 7 0 20 5 0 0 3 1 0 33 
0 0 0 13 21 0 16 18 0 3 36 0 0 4 28 27 2 0 20 0 17 0 0 0 0 0 1 31 11 12 0 0 0 0 0 0 
26 0 0 7 0 14 0 0 8 0 29 0 17 10 0 30 0 24 0 0 0 0 22 0 0 0 36 0 0 18 16 0 32 0 20 0 
6 4 0 27 0 0 7 0 0 0 0 0 0 29 34 25 9 23 16 32 26 1 21 5 14 0 2 33 10 22 0 19 0 30 36 0 
0 3 0 25 0 0 0 0 0 0 19 0 26 21 5 35 0 6 28 0 14 30 0 0 0 23 8 0 16 17 0 34 0 0 0 29 
0 0 20 0 15 0 0 0 14 0 9 0 0 0 3 0 0 18 0 11 24 0 31 0 0 34 0 0 0 13 0 0 21 35 22 17 
27 14 17 22 2 7 36 0 13 26 0 0 5 0 0 18 10 0 0 0 0 0 12 31 0 1 0 35 9 0 4 0 33 0 25 8 
0 0 19 1 0 11 23 0 15 0 30 4 0 22 35 0 0 0 0 16 6 34 0 0 0 0 0 0 31 0 0 0 5 9 28 24 
0 30 6 8 0 0 0 0 0 20 0 0 24 27 12 0 3 25 0 0 22 0 0 0 0 19 21 2 32 0 36 0 13 0 0 15 
0 10 24 0 0 9 0 16 0 17 0 33 0 32 0 8 15 1 0 2 5 0 0 0 0 36 13 18 0 29 0 7 30 20 0 0 
16 15 3 20 25 0 32 0 0 0 8 0 13 26 4 29 14 17 0 0 23 0 0 0 0 0 5 30 0 0 0 27 0 18 0 11 
29 0 0 32 34 0 0 27 0 7 14 18 31 0 6 9 0 16 19 0 0 0 0 0 0 0 33 15 0 0 0 1 0 0 21 2 
4 2 36 11 27 0 1 0 26 32 0 21 0 24 13 15 0 0 0 0 0 0 3 14 0 10 19 0 0 0 0 0 22 0 35 7 
20 0 33 34 0 0 19 11 31 30 16 0 36 6 7 0 4 5 0 0 0 13 0 0 0 0 22 24 27 0 9 23 0 0 18 0 
0 25 8 23 14 0 0 12 0 0 0 0 0 16 33 0 34 30 0 22 0 0 0 0 0 18 0 0 0 20 0 3 0 0 11 31 
0 0 28 17 9 12 0 10 0 29 13 0 22 11 21 0 20 19 0 34 35 18 25 33 0 8 31 7 0 0 0 16 0 24 26 5 
0 29 0 18 0 30 9 0 0 0 34 0 14 0 0 10 0 26 0 31 0 0 0 0 1 12 35 3 23 28 6 21 2 13 15 0 
0 0 0 0 0 0 0 7 3 0 25 0 1 0 29 32 0 27 30 8 4 0 0 2 0 11 0 0 0 0 0 10 28 36 0 20 
19 0 0 0 5 16 0 0 33 0 2 17 3 0 0 0 0 0 0 0 12 0 34 0 18 0 29 0 0 26 22 35 24 11 0 6 
8 0 27 0 0 24 12 31 0 0 35 0 6 0 23 1 0 21 11 0 0 0 20 7 0 0 0 0 5 0 0 30 14 10 13 16 
0 22 2 0 29 15 0 36 0 21 32 0 19 5 24 26 0 8 31 27 0 0 0 28 0 0 0 0 17 10 0 0 0 0 7 0 
25 11 10 33 0 23 15 29 0 0 3 0 0 13 9 0 17 0 35 4 18 14 0 24 20 2 30 0 0 0 28 36 26 0 0 0 
34 0 31 4 7 0 25 0 28 0 22 0 0 0 0 36 0 12 0 0 0 8 0 21 0 16 23 11 24 27 0 0 9 19 0 0 
32 0 30 0 1 13 20 26 0 0 0 0 0 0 0 0 0 4 0 0 0 36 6 19 0 0 14 8 0 0 29 12 0 2 17 21 
