0 33 13 3 0 19 29 0 0 0 16 22 0 0 0 0 0 0 36 0 21 0 8 0 1 0 0 0 0 20 10 0 0 0 0 12 
0 9 32 0 0 21 23 0 0 20 18 0 0 30 14 6 28 0 5 0 24 17 25 0 0 7 35 0 0 0 33 0 2 34 0 29 
26 0 0 18 0 0 34 10 11 0 27 0 12 33 8 29 22 0 0 0 0 4 35 13 9 0 32 28 30 0 5 0 0 31 20 0 
6 30 24 0 0 0 0 0 0 33 0 0 7 0 0 0 34 0 20 0 0 0 15 31 0 23 29 0 0 17 0 8 0 13 0 3 
4 0 16 34 11 0 19 0 25 0 0 24 21 0 15 0 0 0 26 18 3 0 0 12 0 2 0 8 6 31 36 17 14 22 7 0 
17 27 25 0 0 0 13 0 0 0 0 0 16 0 36 0 1 0 0 0 0 0 28 32 0 0 15 26 21 0 24 11 6 23 35 18 
2 28 0 14 26 10 0 0 3 0 24 0 0 0 0 0 9 36 0 11 0 0 0 15 0 13 18 31 5 0 0 1 20 8 0 27 
0 25 0 0 0 0 28 0 13 10 0 5 30 0 17 18 33 29 0 8 0 36 2 0 21 0 0 9 4 11 6 0 0 7 14 0 
34 0 0 29 6 0 0 19 0 0 0 0 3 1 35 12 0 31 7 22 13 0 16 0 0 25 24 0 0 0 0 0 0 30 0 36 
24 0 0 30 0 12 0 0 21 0 0 20 0 0 5 0 14 26 29 35 28 0 27 1 34 0 0 0 23 0 0 19 31 0 0 33 
36 7 0 0 16 0 0 0 0 0 0 27 20 0 2 0 24 32 10 0 0 6 0 0 12 33 19 14 35 0 15 0 0 3 0 5 
0 0 0 0 0 0 0 23 32 0 26 2 15 4 28 0 21 13 17 0 34 0 12 18 6 0 22 0 0 0 25 29 9 0 11 16 
23 32 34 0 0 0 0 0 0 0 17 16 0 29 0 19 36 0 0 31 0 0 22 0 0 0 4 6 0 0 0 15 3 0 0 0 
0 0 22 0 0 33 15 12 0 31 8 14 0 0 0 0 10 0 4 28 35 0 0 2 27 0 34 0 3 0 32 6 36 0 29 0 
11 0 35 0 24 18 1 0 0 23 5 25 27 9 0 0 31 15 6 0 8 30 3 14 28 0 36 2 0 0 20 0 0 21 33 17 
9 17 0 12 0 0 0 0 0 0 0 19 0 34 0 26 0 0 0 0 23 0 33 10 0 29 7 0 18 0 0 0 0 16 0 35 
8 0 0 20 0 28 0 32 18 0 9 0 0 16 0 22 0 12 15 7 36 0 0 25 0 17 11 0 24 19 0 14 0 0 0 26 
0 0 7 0 27 13 0 0 24 0 21 0 0 0 0 0 0 0 0 0 29 0 0 9 30 1 25 10 33 0 0 34 11 12 23 4 
28 26 19 35 0 17 14 29 5 0 13 0 0 0 11 8 12 21 0 33 0 0 6 0 0 0 0 0 0 1 2 0 24 0 3 20 
0 0 0 0 0 23 0 6 34 24 0 8 28 36 32 0 0 35 22 0 0 18 0 0 0 27 0 0 12 0 19 10 7 4 21 0 
13 0 0 11 0 31 0 0 0 18 0 15 29 24 1 0 0 0 0 20 0 0 0 0 7 0 9 0 0 0 8 0 30 14 0 0 
32 14 0 9 34 7 31 0 17 0 35 0 0 25 22 0 4 19 8 23 15 1 0 0 0 30 10 0 0 0 0 16 0 0 27 0 
18 0 0 36 20 0 16 26 0 30 19 3 34 7 0 0 6 33 0 24 11 31 32 21 8 28 23 29 0 4 13 35 22 17 15 0 
0 0 21 0 4 0 0 0 0 25 0 0 5 0 23 0 0 0 34 0 0 12 0 36 0 18 0 11 0 0 0 32 29 0 6 28 
25 34 14 23 0 0 32 15 6 21 22 0 35 0 0 2 0 8 0 26 17 10 0 0 20 0 12 0 29 24 0 0 4 0 36 13 
27 16 12 0 18 0 24 0 10 0 23 31 19 0 29 0 0 0 32 36 0 0 0 35 4 0 0 33 0 0 34 0 0 0 2 0 
0 0 8 0 7 11 0 2 0 3 0 0 0 0 20 30 5 24 0 0 0 0 9 22 18 21 0 27 25 14 0 31 0 0 28 0 
30 0 0 0 0 0 0 5 1 19 25 28 22 26 12 4 23 0 27 0 18 29 24 7 0 10 3 36 2 34 21 33 8 0 16 0 
0 0 33 0 0 0 11 0 0 17 34 0 32 0 0 16 0 0 0 0 0 0 13 0 23 0 0 0 0 22 9 0 10 6 0 7 
5 22 0 2 19 26 12 30 27 8 0 0 1 0 0 13 17 0 21 0 0 14 0 3 0 11 31 32 7 15 29 20 35 18 0 0 
22 12 0 0 14 16 0 0 0 0 0 0 24 3 25 0 0 0 0 1 0 11 34 5 29 0 0 17 0 0 7 0 0 33 0 2 
35 0 0 0 10 0 20 27 0 0 2 29 13 0 18 0 32 0 24 0 0 21 36 8 0 0 26 22 16 23 14 0 34 0 0 0 
20 15 0 0 36 0 5 16 0 0 31 34 0 0 0 0 29 11 12 0 0 28 26 30 33 35 0 0 10 0 0 0 0 0 17 0 
0 0 0 27 13 6 0 0 19 1 0 21 0 0 0 0 8 22 16 10 31 33 7 23 0 0 5 12 28 0 11 0 18 20 32 25 
0 0 0 0 0 0 0 25 4 36 28 0 9 0 27 0 19 0 18 3 0 2 0 0 0 31 13 24 0 32 16 26 0 0 0 0 
0 21 0 0 9 34 6 0 33 0 12 32 0 5 0 0 16 23 13 4 0 15 0 29 0 8 30 0 0 0 1 36 0 35 19 10 
