20 16 0 2 7 14 0 0 21 0 0 1 15 22 9 0 0 0 33 0 0 10 28 29 0 0 0 8 23 0 5 4 12 0 0 35 
26 0 12 0 25 0 23 3 18 0 0 19 0 0 5 0 0 20 0 22 0 34 27 0 31 0 17 29 9 0 14 0 0 2 0 33 
30 0 0 0 0 0 0 0 24 7 0 0 21 13 0 11 0 31 0 0 17 0 23 25 0 3 0 14 0 0 0 0 8 34 0 27 
17 18 0 11 6 0 0 4 0 35 31 22 10 0 19 12 0 28 15 21 20 2 0 14 0 26 0 33 0 0 36 0 30 0 9 32 
19 34 5 0 0 0 9 0 0 0 0 16 24 0 2 0 0 0 0 36 0 0 32 7 21 20 6 0 35 12 0 15 0 0 0 18 
0 13 0 3 0 21 0 15 0 0 0 20 6 0 0 18 4 0 0 0 0 0 0 11 0 0 10 0 0 27 22 23 29 7 31 0 
34 0 33 6 10 0 0 12 0 0 0 0 0 17 14 0 8 0 0 35 0 0 0 0 15 11 0 0 2 0 7 0 0 0 32 0 
32 30 23 0 0 27 28 10 31 0 35 13 0 19 7 0 0 21 0 17 0 0 0 0 3 0 22 25 18 16 24 0 5 0 0 26 
22 0 0 0 21 0 6 0 8 15 0 29 3 0 13 0 28 24 31 30 0 0 19 16 0 12 34 1 14 10 35 0 25 0 0 0 
0 0 1 16 5 18 14 11 0 0 0 0 36 25 20 0 12 2 23 0 6 28 34 4 0 0 9 21 0 0 33 0 3 0 22 0 
0 0 0 4 20 0 19 0 0 2 0 7 0 0 11 29 31 0 8 26 0 27 13 0 5 36 28 6 17 0 0 0 14 0 0 0 
13 28 0 17 0 0 36 0 0 0 0 21 0 9 27 4 5 0 0 0 0 12 18 10 35 31 0 30 24 0 19 11 0 23 6 15 
5 22 13 19 36 29 0 0 16 0 28 10 0 15 1 31 0 0 7 0 0 0 12 9 27 0 18 0 0 26 34 0 0 35 14 0 
4 0 0 32 17 0 25 14 33 0 24 11 16 0 0 5 0 10 20 0 3 0 0 0 0 0 0 0 15 0 27 26 0 12 0 22 
9 21 30 0 0 20 27 36 1 18 0 0 19 7 26 0 0 13 4 2 28 17 35 0 34 0 25 32 0 0 11 3 0 29 0 5 
0 0 0 0 0 0 8 34 6 0 13 0 0 11 22 0 0 0 25 0 29 1 0 31 0 7 4 24 0 21 30 0 32 0 0 23 
6 25 0 0 0 0 0 29 0 0 0 0 2 0 0 0 0 0 0 0 36 5 0 0 13 0 11 35 19 3 0 0 0 0 8 31 
2 1 0 0 0 0 35 0 0 30 7 9 25 0 0 8 0 0 0 0 13 0 21 0 0 33 0 0 29 23 18 17 24 10 36 0 
1 0 17 5 0 16 0 35 28 0 0 15 13 12 0 32 0 0 0 23 0 0 0 20 7 22 33 18 0 0 0 0 31 0 0 2 
28 0 0 0 0 25 0 7 20 0 0 8 0 36 0 0 0 0 32 13 30 21 0 6 1 14 26 0 3 2 0 0 17 5 23 0 
24 23 6 0 0 32 0 0 36 29 34 2 0 21 10 0 20 0 3 33 8 0 0 18 19 16 0 0 28 0 0 0 0 11 35 0 
14 20 0 36 4 0 11 0 0 0 0 0 0 0 0 0 9 1 10 29 15 35 31 0 0 23 24 0 0 25 0 0 19 0 28 0 
10 27 0 34 0 11 31 24 9 0 0 0 0 0 0 30 0 5 17 0 0 0 0 12 32 0 36 4 6 29 0 13 18 0 7 0 
35 0 0 29 0 0 10 27 0 6 23 0 22 31 17 16 0 0 1 0 34 0 0 0 8 0 21 15 20 30 3 0 36 0 24 14 
7 14 0 24 0 4 0 13 25 0 9 18 5 32 15 0 0 35 0 34 0 0 8 23 12 19 0 0 36 22 26 27 20 0 0 0 
3 0 0 0 0 17 22 21 0 0 19 24 23 0 0 28 0 36 11 31 32 0 0 0 25 1 14 0 0 34 29 0 0 18 5 0 
0 0 25 0 0 0 0 0 35 11 33 27 0 14 0 1 30 34 0 0 10 13 0 26 0 6 0 0 0 0 2 0 0 0 0 19 
0 0 19 0 0 1 15 28 0 12 0 0 0 0 24 0 7 3 35 0 18 0 16 0 2 21 0 13 8 0 4 0 0 6 34 0 
0 0 29 23 0 0 0 30 26 16 20 0 11 0 18 0 13 27 0 0 0 0 22 0 33 17 15 0 32 24 0 35 0 0 10 28 
11 33 0 30 16 0 0 8 0 0 0 0 4 0 12 22 0 9 27 0 5 0 0 17 0 0 0 0 0 0 13 32 7 0 25 21 
23 6 8 25 0 9 0 18 10 0 1 30 35 5 16 0 0 0 0 0 0 0 11 32 4 15 0 0 27 14 21 12 22 0 29 7 
0 5 15 0 0 0 0 33 0 14 11 0 17 0 23 0 10 25 0 16 0 0 0 0 0 0 0 19 21 0 0 0 0 31 0 0 
0 36 0 35 24 3 2 19 0 34 0 0 32 0 0 9 0 18 0 25 22 30 0 5 0 28 0 0 0 0 8 0 27 33 0 0 
0 0 28 26 0 0 24 0 17 8 6 0 20 0 4 21 0 0 34 0 12 0 3 0 18 0 16 0 25 35 23 2 0 36 0 9 
0 0 11 0 0 34 0 9 7 0 4 36 0 26 0 14 22 0 0 0 0 0 10 19 30 13 31 2 0 1 0 5 0 0 0 0 
31 0 20 14 18 19 0 32 0 27 0 28 0 30 0 3 0 15 13 0 33 0 0 0 6 24 0 0 0 0 25 1 0 26 4 16 
