12 0 33 8 16 0 24 0 19 14 0 0 36 22 0 34 32 13 0 10 25 0 0 0 21 31 0 0 0 7 0 1 0 0 0 0 
0 0 0 2 6 0 0 0 0 28 25 18 0 0 1 4 0 17 0 0 16 3 34 0 15 14 0 0 0 0 26 0 22 0 0 0 
0 0 0 17 0 23 0 32 11 36 21 35 18 0 29 6 16 15 0 31 0 0 12 0 0 5 0 0 0 24 0 0 0 10 0 3 
0 0 0 0 0 11 0 0 0 33 0 4 0 30 0 8 14 20 1 2 19 24 0 6 0 26 0 22 13 0 25 5 17 28 21 0 
5 4 0 9 35 0 0 0 0 0 8 1 0 0 27 0 2 23 0 32 0 11 36 28 29 3 30 0 0 20 0 0 0 6 0 0 
0 15 28 0 0 13 0 29 30 0 0 0 0 7 33 0 24 0 18 0 27 0 0 23 0 4 19 0 10 0 0 20 0 34 0 16 
7 13 24 5 23 16 34 1 15 0 0 0 0 17 36 14 3 0 2 35 0 0 0 0 0 0 4 8 0 0 0 0 0 0 18 6 
0 31 4 0 12 0 26 0 3 18 0 23 27 0 0 13 35 32 16 17 0 0 0 0 33 1 0 7 0 10 0 0 19 0 28 29 
0 22 0 0 0 0 0 0 0 0 0 0 9 6 4 0 19 0 5 8 21 0 14 0 0 0 0 32 24 0 1 0 7 0 0 0 
0 0 32 25 29 0 0 19 36 0 0 0 34 20 0 10 7 31 30 0 28 0 11 18 9 27 0 12 2 0 16 0 0 33 4 13 
20 0 0 0 18 0 0 0 0 30 2 0 26 11 0 15 0 12 0 0 6 19 22 0 13 35 21 0 25 0 17 23 36 0 0 0 
0 0 21 0 11 0 5 0 24 0 9 0 0 25 2 22 0 18 0 0 3 0 0 0 0 17 20 34 0 14 0 27 8 30 10 35 
10 27 1 0 0 24 32 26 0 0 0 8 33 2 0 3 34 0 13 0 0 0 0 0 0 0 12 15 29 0 0 0 0 36 16 0 
3 0 0 7 5 0 4 24 27 0 31 19 0 0 0 0 0 22 0 11 0 1 17 8 34 21 0 23 0 33 0 6 15 0 2 12 
9 25 0 14 0 0 0 30 18 0 0 2 0 27 0 0 20 1 0 0 0 21 24 0 16 0 17 0 4 31 0 0 0 0 0 0 
2 30 0 0 0 0 9 0 10 0 36 12 0 23 19 35 28 0 6 0 0 7 0 16 0 0 26 18 0 22 5 0 0 0 0 32 
4 6 0 11 13 0 0 15 25 0 0 0 7 0 18 17 0 10 34 30 36 28 2 0 20 8 0 5 0 27 14 3 0 0 0 24 
0 28 18 31 21 22 29 35 0 20 14 16 12 9 0 0 13 0 25 4 0 0 23 0 0 0 11 0 0 0 10 33 34 19 27 30 
0 11 5 0 0 0 0 0 0 23 0 32 35 0 0 29 0 0 0 16 0 0 0 0 0 6 0 0 0 34 30 0 0 15 17 0 
27 0 26 0 0 0 0 33 0 0 16 0 0 0 0 1 10 0 8 0 0 34 0 14 31 0 28 2 7 0 0 29 0 24 0 0 
0 7 0 20 36 0 0 0 0 0 0 0 31 0 13 30 8 4 28 0 22 0 15 0 0 0 0 26 0 32 0 34 0 9 11 0 
0 0 0 10 4 0 25 12 26 0 13 0 6 0 0 21 9 34 27 7 24 36 33 3 0 20 35 29 0 0 0 32 23 0 31 28 
28 21 0 0 3 31 36 22 0 0 17 0 19 12 5 18 27 2 0 25 0 0 0 11 0 24 15 14 23 13 0 0 10 0 33 0 
0 0 8 1 0 0 0 0 7 3 4 15 22 14 0 0 0 0 0 0 0 5 0 26 0 30 27 16 9 0 6 0 0 0 0 2 
21 34 0 15 28 33 0 0 31 2 0 25 0 8 0 27 11 29 0 20 1 16 0 0 35 32 0 0 6 0 0 0 26 12 0 0 
24 0 0 0 0 10 23 9 0 32 0 13 0 33 17 0 15 0 0 0 0 6 0 0 0 0 0 0 5 36 11 8 0 0 0 22 
31 0 0 0 7 0 19 18 34 0 0 3 2 4 12 20 0 35 9 28 0 0 0 27 0 23 0 33 0 0 32 10 0 0 30 25 
14 8 27 4 30 0 0 0 21 1 11 0 0 0 10 0 22 26 32 33 0 23 19 15 17 7 0 0 0 0 13 24 29 0 0 31 
0 0 3 18 0 0 30 14 16 29 20 0 24 1 34 0 21 0 0 22 0 0 25 12 2 19 31 0 27 11 0 28 0 0 0 0 
36 5 0 19 0 0 33 27 0 15 12 7 14 0 0 0 30 6 0 3 0 0 0 2 0 9 0 0 0 21 34 35 16 0 23 0 
11 0 17 0 24 1 0 8 0 0 0 22 0 0 25 0 0 0 0 0 9 31 28 0 5 0 33 0 15 35 2 0 32 0 0 0 
32 0 9 0 0 21 2 0 20 10 1 11 15 0 0 0 0 3 0 19 17 18 0 0 27 36 0 13 0 30 4 26 12 23 24 14 
30 16 6 29 27 5 0 0 0 7 34 0 8 21 0 31 18 9 0 15 0 0 35 4 23 0 0 24 0 0 33 11 28 0 0 0 
0 14 0 22 10 2 15 21 29 27 0 0 13 0 0 0 5 19 0 36 32 0 0 1 3 12 8 0 26 0 35 25 0 16 0 0 
0 0 0 3 34 4 28 0 0 25 0 0 0 35 0 0 1 0 22 0 7 0 27 21 32 11 6 0 17 2 20 15 0 0 8 0 
0 0 7 13 19 0 35 6 33 0 0 0 0 36 0 0 17 14 23 34 30 0 0 0 22 0 0 28 18 0 27 21 0 31 9 0 
