0 8 36 18 0 28 0 0 31 0 0 0 0 0 25 20 17 0 0 0 3 9 0 0 23 0 0 14 0 0 0 0 26 16 0 0 
34 11 0 0 0 23 32 33 13 35 27 1 3 0 5 0 0 0 0 0 0 19 26 4 8 18 17 25 7 0 24 0 36 0 0 0 
0 27 0 1 3 35 28 0 20 2 6 0 8 24 0 0 33 7 18 17 0 0 0 0 0 15 36 26 11 0 0 0 0 0 0 10 
10 0 21 0 0 0 0 7 9 0 0 15 22 23 0 0 11 27 16 6 33 0 36 28 5 0 0 31 24 30 0 34 0 0 0 0 
0 33 0 0 0 0 0 16 12 29 0 0 0 19 21 32 0 0 1 0 20 0 0 0 4 13 22 0 0 6 8 0 0 0 0 0 
5 4 32 24 12 2 22 30 0 23 0 0 16 0 0 14 0 28 0 15 13 0 25 29 27 0 21 20 10 9 0 33 0 35 19 7 
7 15 19 22 0 20 0 0 0 0 16 0 0 21 0 0 0 14 0 0 29 27 0 23 0 0 0 0 0 31 17 25 13 9 12 3 
11 23 30 0 29 0 24 13 26 1 0 31 19 32 0 0 4 0 0 5 0 33 0 6 20 10 14 35 0 25 0 7 18 8 34 0 
24 34 0 36 0 0 15 0 0 0 14 19 1 30 0 0 28 0 25 10 0 13 20 0 0 29 3 6 0 0 0 0 0 0 0 22 
0 0 0 28 16 0 18 8 0 12 0 0 6 0 3 0 0 35 0 0 30 4 19 17 0 34 0 0 36 0 0 20 0 0 0 0 
32 35 18 0 2 0 0 0 17 0 0 0 12 0 0 27 0 26 0 0 8 0 1 0 15 16 30 21 0 7 5 10 0 0 4 0 
0 6 0 8 1 10 0 28 0 0 0 0 0 0 33 0 0 29 0 0 31 0 15 0 24 0 11 22 19 23 26 35 21 2 27 0 
29 0 15 5 0 12 0 21 22 0 28 20 0 0 4 23 0 30 19 0 17 36 0 0 0 26 0 0 0 10 0 18 0 0 25 8 
1 16 0 0 0 26 19 29 0 7 0 35 0 0 13 11 0 32 9 0 14 0 0 0 31 0 0 34 12 0 21 4 28 6 0 0 
0 30 0 0 0 0 0 27 16 6 0 34 0 7 8 0 19 24 28 0 0 26 33 0 32 0 0 23 0 0 10 0 0 0 29 0 
6 0 0 0 0 0 33 0 0 15 0 14 35 0 0 0 21 0 4 31 0 34 29 32 7 0 13 2 0 0 20 0 12 3 0 0 
21 0 33 19 11 0 8 26 5 0 17 0 14 0 0 0 0 0 0 25 0 18 0 24 0 0 20 3 4 29 22 1 9 0 0 0 
0 24 0 35 31 34 0 0 0 0 30 0 0 0 0 0 12 0 0 0 0 0 0 0 0 14 0 36 33 15 27 2 19 17 26 32 
8 17 1 0 0 13 11 0 0 9 24 0 0 0 30 0 32 0 0 0 36 0 27 14 0 6 0 0 34 12 0 28 0 10 0 25 
28 0 2 0 19 0 13 0 30 22 36 7 25 18 31 21 29 16 10 4 35 0 0 0 14 5 0 33 0 0 0 24 23 0 0 0 
0 22 4 0 0 0 0 34 0 8 5 28 26 10 0 12 14 0 0 18 0 0 2 0 35 0 9 7 25 0 0 0 16 0 0 6 
0 0 0 0 0 0 1 0 19 3 29 0 0 0 6 33 0 20 11 0 32 28 12 0 0 0 2 13 0 0 7 0 0 0 21 9 
0 21 0 0 15 11 25 0 0 0 32 0 23 13 0 0 36 0 5 0 0 17 0 31 0 20 10 30 3 1 0 0 0 0 22 26 
35 0 29 6 25 24 20 14 15 0 0 27 0 11 1 0 0 0 30 0 0 3 16 19 0 28 0 0 32 8 2 13 0 36 18 33 
25 0 31 0 17 16 0 24 23 34 0 0 0 0 12 3 0 0 20 36 0 5 0 15 22 8 0 0 0 28 0 0 35 0 33 0 
0 7 0 0 0 19 26 6 32 0 0 13 29 0 0 15 35 0 0 0 4 0 28 0 30 0 0 9 27 0 14 0 1 20 0 34 
36 0 0 14 27 22 0 0 0 30 0 5 0 26 7 0 18 0 0 0 23 29 17 0 0 19 4 0 0 13 6 0 0 25 0 16 
0 0 11 4 0 0 0 0 21 25 0 17 28 9 0 0 1 33 0 26 16 30 18 27 0 2 12 0 0 0 13 8 7 0 0 0 
18 1 6 26 0 0 0 22 0 0 0 0 21 31 0 19 0 10 0 24 11 32 0 3 25 0 15 16 0 20 0 0 0 0 0 28 
15 0 0 0 0 30 2 36 0 0 33 16 32 0 27 0 0 0 35 19 34 31 21 0 3 17 0 11 0 0 0 0 0 4 23 0 
27 19 0 0 10 0 0 0 0 24 0 22 0 8 15 31 20 12 0 32 0 2 13 7 28 0 0 0 1 0 11 21 30 0 0 35 
26 29 0 0 0 6 5 0 8 28 2 18 17 3 11 9 0 36 0 1 19 35 0 21 10 32 33 15 20 0 0 14 31 0 7 12 
0 0 35 0 8 0 0 0 0 0 0 32 13 27 18 0 10 34 0 30 0 22 9 33 36 0 0 0 16 0 23 29 24 5 15 19 
0 12 16 0 0 0 0 9 29 0 34 26 0 14 0 6 5 23 15 0 25 0 3 36 0 0 0 27 31 0 0 0 0 0 28 0 
14 5 0 7 0 25 27 15 0 17 0 0 4 0 22 35 0 19 8 29 26 0 0 0 6 11 0 0 0 21 36 9 0 32 2 0 
33 0 3 0 0 0 0 0 0 31 0 0 0 28 2 0 25 0 0 0 18 0 4 20 13 23 19 0 0 0 34 16 0 26 0 0 
