26 27 0 33 22 4 0 2 5 0 0 34 0 0 0 0 24 21 0 0 32 14 30 0 0 0 0 9 0 15 0 0 28 29 0 0 
19 0 0 0 14 7 11 0 16 0 0 0 15 0 27 0 33 0 22 0 0 0 17 6 4 0 0 13 0 23 0 5 0 0 32 0 
0 2 15 0 0 18 0 29 35 0 0 7 0 10 0 3 20 14 9 0 8 0 28 16 5 32 17 36 0 0 24 0 23 0 0 0 
29 36 0 0 11 17 0 0 0 0 19 21 4 0 35 0 16 13 12 0 24 0 3 18 0 0 25 0 2 0 14 0 8 7 1 0 
0 1 3 8 12 0 30 9 0 24 18 0 0 17 25 22 0 0 0 34 11 33 0 0 21 16 0 10 29 31 20 0 0 2 6 27 
10 20 25 13 0 35 0 4 0 31 0 0 0 0 0 12 0 0 21 0 26 5 0 0 14 0 11 28 0 0 15 0 16 0 19 0 
17 8 0 0 0 1 10 0 0 0 0 11 5 0 0 0 22 4 0 0 18 0 0 9 0 28 27 12 14 35 0 34 0 19 0 0 
0 6 0 0 30 19 9 18 33 2 0 26 29 14 8 34 21 0 0 3 0 0 0 15 0 0 0 20 0 0 5 12 0 0 0 25 
7 0 0 0 29 16 23 0 28 8 0 15 0 6 31 0 25 32 17 0 20 12 0 0 0 36 0 0 0 9 0 14 0 0 0 0 
0 0 0 3 0 0 0 0 0 4 0 0 10 0 2 1 26 33 25 31 7 35 27 0 23 0 0 32 0 0 0 29 24 0 0 0 
20 10 23 0 32 0 13 24 31 0 0 16 3 0 0 0 35 0 8 6 0 26 22 33 29 30 19 18 11 5 0 0 15 21 4 0 
0 35 36 0 26 0 0 0 1 0 0 0 0 24 18 0 23 11 0 0 30 0 16 0 17 31 0 0 0 0 0 28 22 33 0 32 
1 30 0 5 7 12 24 0 0 21 0 0 0 0 16 0 15 36 18 0 0 0 11 26 0 0 9 6 31 0 0 3 0 28 0 8 
23 0 0 27 19 0 25 12 17 32 0 0 0 0 0 0 4 0 29 9 15 0 24 36 33 11 0 0 20 3 0 1 0 35 10 34 
31 32 22 0 0 14 0 28 2 0 5 4 0 20 30 10 0 0 23 1 19 0 0 34 27 0 0 0 0 0 18 15 0 0 0 7 
0 4 0 17 0 0 16 14 0 0 0 0 13 26 0 5 0 27 0 22 33 10 25 7 0 0 0 35 28 0 2 19 21 0 30 0 
0 34 0 18 0 29 7 15 0 0 26 30 35 21 1 0 8 0 0 28 0 6 0 12 32 17 36 0 13 0 4 16 25 0 0 11 
0 0 0 0 0 2 0 0 22 0 0 8 12 32 33 17 3 29 0 0 0 0 13 0 10 0 0 14 0 0 6 36 0 0 27 20 
2 33 14 21 0 34 0 5 29 0 0 0 0 3 0 0 36 0 0 30 25 0 0 0 0 7 32 0 0 0 0 0 0 22 24 31 
18 0 35 7 1 0 8 0 0 20 34 27 0 0 0 0 12 0 33 26 6 0 2 0 0 0 14 4 22 0 0 0 9 0 11 0 
0 23 11 19 0 0 0 0 0 17 30 24 1 33 22 32 27 25 0 13 3 0 29 0 34 5 15 21 18 0 35 0 0 0 14 0 
0 9 0 15 8 31 32 10 0 0 0 0 7 0 4 35 14 2 28 0 0 23 34 0 20 25 0 0 0 27 1 21 0 0 0 16 
0 0 27 0 0 6 14 11 0 0 0 28 16 31 0 0 0 0 0 0 5 0 0 0 12 2 29 17 0 0 0 0 0 30 33 23 
0 17 32 28 20 0 35 7 19 23 0 2 26 0 5 9 6 8 0 0 0 0 36 14 0 0 3 0 10 0 27 25 29 18 34 0 
0 0 0 0 17 21 36 0 0 0 0 0 0 28 29 0 0 0 0 19 0 0 10 5 7 35 0 0 0 16 0 0 0 26 0 6 
13 12 30 4 23 0 0 3 26 0 6 0 9 15 0 0 17 0 0 18 0 0 20 25 8 10 22 0 0 0 0 24 33 0 0 0 
32 0 7 14 33 20 0 0 0 0 10 19 25 5 0 0 31 12 3 0 0 0 0 0 15 0 34 27 0 4 23 22 0 0 36 35 
9 0 0 16 25 15 4 31 7 0 0 0 0 0 20 0 32 0 0 12 0 11 21 0 6 0 2 29 24 17 13 0 0 0 28 30 
11 22 34 0 0 0 0 0 0 0 21 5 0 0 26 24 30 0 0 0 0 36 0 0 0 13 0 0 23 14 0 10 3 0 0 19 
3 29 18 0 0 24 27 0 0 34 0 32 2 0 0 0 11 1 0 0 0 0 0 0 0 0 12 25 0 26 9 31 17 0 0 14 
0 0 9 29 15 0 21 8 12 7 24 35 23 27 11 31 1 0 0 16 0 0 5 17 3 0 0 0 36 20 0 0 30 0 18 4 
0 0 1 0 0 26 34 23 0 0 2 10 36 8 0 16 0 20 24 0 0 30 15 0 0 0 0 5 17 6 0 32 11 13 0 29 
0 11 0 0 5 0 0 33 4 30 0 0 24 29 3 18 0 15 14 7 34 0 26 0 0 9 0 0 32 0 0 0 0 0 35 0 
0 0 8 6 10 13 0 0 9 0 25 0 21 0 0 33 0 22 11 0 29 1 35 23 30 0 4 2 0 0 31 0 0 14 16 0 
30 14 21 0 0 28 0 22 11 1 27 31 0 13 6 25 0 0 19 33 0 0 18 0 0 26 0 7 34 10 12 20 0 15 9 0 
0 7 0 0 2 33 0 0 0 0 0 3 0 0 0 0 28 0 0 27 36 25 0 0 11 0 0 19 0 0 0 0 34 0 8 24 
