0 1 22 11 0 16 5 0 0 0 0 20 0 0 0 0 12 28 0 6 0 30 29 0 0 0 0 8 21 9 23 2 0 18 19 0 
0 3 0 35 24 0 0 34 12 0 11 14 15 16 0 2 0 23 0 36 0 22 0 0 0 7 0 4 28 0 0 0 0 33 0 0 
18 33 32 0 14 0 2 6 24 25 0 29 27 0 0 7 0 0 26 0 17 0 0 0 0 19 0 0 35 11 10 36 0 0 22 0 
4 27 19 0 6 0 0 0 9 0 16 0 0 0 0 31 21 0 0 0 0 0 34 2 3 0 0 18 0 0 0 28 7 0 0 29 
0 26 15 0 10 0 31 0 17 30 0 7 0 0 0 0 0 0 13 0 0 5 0 16 20 34 29 0 0 0 0 0 0 24 0 1 
0 0 31 17 0 25 1 13 0 0 4 0 18 3 0 0 0 20 14 8 0 0 0 0 32 0 5 0 0 0 0 0 0 6 0 15 
30 31 2 0 33 0 17 24 0 0 0 0 0 0 0 6 0 0 8 0 0 35 1 0 0 0 0 0 23 0 20 19 0 26 27 11 
0 0 10 0 0 0 36 5 4 12 0 13 0 14 21 0 0 33 0 0 6 3 16 22 25 0 9 30 0 34 17 0 15 0 0 0 
34 11 0 0 0 0 10 20 18 0 0 1 35 2 0 29 13 9 0 25 19 0 0 0 0 0 26 6 3 0 30 7 0 21 0 14 
27 0 4 21 35 5 29 0 0 0 0 0 17 0 1 20 23 15 12 9 0 0 32 30 19 0 0 28 0 0 18 0 0 0 36 10 
0 9 0 22 12 3 34 0 0 6 35 31 24 8 28 0 0 5 17 0 14 0 15 11 7 29 0 21 27 20 0 0 13 32 0 2 
24 29 0 0 25 0 28 0 0 0 23 27 0 12 32 22 16 0 0 0 7 0 0 0 35 0 33 0 0 1 3 31 34 8 0 0 
0 0 6 9 21 4 33 0 7 0 34 11 30 0 0 15 0 14 5 0 16 0 0 36 0 0 0 0 0 25 0 13 0 0 29 3 
35 0 0 10 0 0 19 27 20 9 0 30 0 0 0 0 0 0 6 17 33 0 0 13 5 0 0 1 0 0 0 0 31 0 18 7 
0 0 0 32 0 36 16 22 2 4 0 12 9 23 18 0 33 0 35 0 27 1 25 0 11 0 24 34 0 0 0 26 0 19 20 0 
23 0 0 0 0 22 21 0 10 24 0 28 0 0 0 0 0 29 2 34 0 20 11 7 30 0 0 31 26 4 0 32 0 0 14 0 
0 0 0 2 31 18 0 0 0 0 0 15 0 0 3 0 0 0 0 22 0 0 19 0 33 23 8 32 14 10 6 9 0 35 0 27 
0 28 26 25 20 1 0 36 0 23 0 18 21 17 0 0 8 0 0 15 0 0 0 0 12 0 0 0 0 0 0 4 11 2 0 34 
5 0 8 0 30 0 13 0 34 27 36 35 0 28 0 26 0 0 4 29 20 17 9 0 16 0 0 19 24 3 0 33 0 10 0 0 
1 0 0 0 0 23 15 10 3 21 24 8 0 0 0 12 18 2 32 0 0 19 6 0 0 25 0 33 0 7 0 29 14 0 28 0 
0 0 0 7 11 0 0 0 29 0 0 0 31 0 15 9 22 24 30 21 0 16 0 0 27 0 35 26 4 23 0 18 0 1 3 36 
0 0 24 0 0 0 14 0 1 0 22 0 8 0 20 27 0 13 3 31 2 18 0 34 17 36 0 0 0 0 15 23 0 7 5 0 
0 0 0 34 0 10 0 0 32 0 0 9 5 19 0 23 25 16 11 33 0 0 0 28 29 1 14 0 12 13 24 8 30 0 0 20 
0 0 25 0 0 0 0 17 0 31 19 0 10 33 0 4 0 0 0 0 35 12 0 0 6 0 0 15 0 8 27 16 22 9 21 26 
16 0 3 24 0 11 0 1 35 36 0 34 0 0 0 0 0 27 33 0 10 23 0 0 28 0 0 7 2 0 22 5 0 0 0 6 
31 5 1 33 7 27 24 0 0 11 13 21 22 9 0 0 2 0 0 0 30 25 28 0 26 4 0 20 29 0 32 10 0 3 0 0 
21 0 0 0 0 29 8 0 0 3 7 33 0 0 36 5 28 0 0 14 11 0 35 0 0 32 6 25 0 0 4 30 18 17 26 13 
0 32 17 0 8 0 0 16 0 28 5 23 0 31 13 24 20 0 0 0 3 7 4 19 0 27 0 14 33 0 0 15 0 0 11 21 
0 0 0 30 13 0 0 0 0 0 0 0 3 0 12 0 0 0 9 0 0 0 0 0 22 0 17 36 0 18 0 0 23 0 0 0 
9 0 0 4 0 20 0 19 6 0 12 0 0 26 0 0 0 0 18 0 36 29 0 1 34 21 16 0 8 0 31 0 2 27 25 0 
33 6 14 0 16 32 12 11 0 0 0 0 0 22 4 0 0 36 0 0 31 9 0 10 21 24 0 35 0 0 0 0 27 0 23 25 
25 0 30 18 19 34 4 15 23 13 0 24 0 0 0 14 0 12 22 0 0 6 2 0 9 33 3 0 0 17 8 21 26 36 0 0 
0 0 0 0 0 15 0 0 5 0 29 0 0 27 9 10 17 1 19 0 28 32 3 23 0 26 34 0 0 36 2 0 0 30 35 31 
3 7 0 0 0 0 27 33 28 1 0 0 0 18 0 34 0 0 36 5 0 0 8 35 0 20 0 0 0 0 19 12 0 13 6 24 
29 0 0 0 0 0 22 0 0 2 0 19 0 0 8 25 7 6 24 11 21 13 0 4 0 30 0 10 1 31 33 0 0 0 15 18 
28 4 5 0 0 0 0 7 0 20 30 32 16 0 0 0 0 0 0 0 0 34 0 29 0 0 27 12 0 14 9 17 1 11 10 0 
