7 18 0 0 34 0 0 29 30 0 0 0 6 22 23 0 35 12 0 17 0 0 11 0 13 0 0 0 0 14 27 0 0 0 28 24
0 21 0 23 0 0 5 28 26 0 8 13 2 15 0 24 0 0 0 22 0 20 34 0 0 0 30 1 0 32 25 36 0 10 0 19
20 0 22 0 0 0 2 25 14 0 4 24 36 3 0 30 17 0 0 0 6 0 0 0 0 0 0 15 0 0 18 0 0 5 1 34
0 0 32 0 15 0 0 0 7 0 0 11 0 0 0 19 0 0 0 3 18 2 30 0 4 28 26 10 31 0 0 0 0 13 0 12
0 19 0 0 33 36 0 31 0 9 18 12 0 0 0 10 27 20 21 16 29 1 0 14 0 0 0 0 5 22 7 0 35 0 3 6
24 0 9 4 0 11 33 0 0 22 0 20 8 28 16 13 0 0 35 25 0 0 0 0 0 0 0 0 29 0 31 30 23 14 0 2
0 9 28 32 24 6 0 0 0 3 0 25 16 20 0 33 11 0 0 0 0 7 12 26 0 0 5 23 19 0 0 27 2 0 14 22
23 16 10 0 0 17 35 7 2 0 12 0 18 6 24 0 0 0 14 27 0 0 33 0 0 0 25 0 0 8 1 26 5 28 0 32
34 36 0 0 5 0 0 4 23 0 0 8 31 10 0 0 0 0 0 15 30 22 1 0 0 16 0 28 0 6 29 17 9 0 0 0
0 0 31 13 0 0 29 0 9 0 0 0 21 5 2 32 0 0 28 20 8 11 0 16 35 0 33 0 15 3 23 0 0 30 4 0
0 0 0 0 20 0 0 13 24 1 28 22 7 0 0 12 0 23 9 0 0 17 32 0 31 0 36 4 10 21 34 0 0 0 0 0
15 0 30 25 18 35 0 0 19 0 0 0 0 0 0 0 0 0 6 24 36 0 0 0 22 0 2 0 32 26 10 0 0 0 21 13
0 0 36 0 23 32 0 0 17 31 0 0 0 2 0 0 0 35 0 11 0 0 0 0 25 0 12 14 0 0 13 0 0 21 8 0
13 0 0 30 6 15 10 11 18 8 35 0 0 0 9 21 0 14 0 0 0 0 19 0 3 29 23 22 0 1 5 0 36 0 20 0
0 0 0 18 22 0 1 0 20 15 0 0 29 31 13 11 24 0 34 0 0 25 4 0 6 27 32 35 36 0 0 16 3 19 0 26
33 0 21 24 0 0 36 16 0 27 0 32 0 0 30 0 20 17 23 14 2 15 0 9 0 0 13 0 7 0 6 31 29 12 0 1
0 26 0 7 9 0 0 0 28 0 0 21 34 0 0 0 0 0 13 18 0 0 0 0 0 8 24 19 30 0 11 0 0 0 23 0
19 4 0 0 0 27 25 0 0 0 26 0 28 0 0 23 0 7 0 0 3 0 0 0 0 0 10 33 16 2 17 24 34 15 22 0
6 0 0 26 30 14 28 0 0 0 27 0 13 19 0 0 0 33 31 2 16 21 0 3 0 0 1 0 0 20 15 0 32 23 0 8
35 0 34 0 0 7 0 33 12 14 15 0 0 0 20 0 36 0 0 19 0 0 29 0 26 22 4 0 8 25 24 1 11 17 0 0
21 29 15 0 25 0 30 0 0 0 0 16 5 0 17 14 9 0 0 8 10 33 0 24 2 0 0 31 0 0 0 4 0 7 6 0
17 11 4 0 28 9 0 8 0 7 0 31 0 27 0 25 0 0 22 35 0 0 20 13 36 5 0 0 0 0 0 18 26 0 34 0
12 0 0 22 0 13 18 0 0 0 0 0 3 0 0 0 0 0 27 0 32 0 6 0 0 24 14 7 28 33 9 25 19 0 0 29
36 0 8 0 0 24 0 0 21 0 0 0 35 12 0 0 0 0 7 4 1 0 0 0 11 0 0 0 0 30 28 10 20 22 0 14
3 0 35 27 21 33 0 26 0 0 0 0 10 0 19 0 30 0 15 0 0 0 0 34 23 0 16 18 20 0 12 22 7 6 0 0
4 30 5 17 0 18 21 2 11 0 0 19 0 0 0 22 0 27 0 0 14 29 0 25 1 0 34 12 26 36 8 32 0 0 13 31
25 24 0 0 11 28 20 0 35 0 31 0 0 0 5 0 34 29 0 0 0 0 0 22 0 0 0 0 0 0 0 0 0 0 0 0
22 0 13 12 0 0 3 23 0 0 0 30 32 7 21 6 0 11 5 1 20 28 0 36 33 2 0 8 0 24 4 35 18 0 16 0
0 0 0 0 0 0 0 0 15 0 9 0 0 17 26 16 23 2 10 13 0 0 0 0 32 35 31 0 0 11 0 0 28 29 0 25
16 8 0 9 0 0 24 22 5 36 0 1 0 13 0 0 3 0 30 0 0 0 0 11 0 0 6 27 21 17 0 19 10 0 33 0
9 35 24 0 0 0 22 0 0 0 0 26 23 0 0 34 0 0 0 30 0 0 0 0 0 21 0 3 33 19 0 0 0 16 18 5
32 0 26 0 0 0 19 0 0 24 11 0 0 0 12 17 16 0 0 6 0 27 9 29 0 36 35 0 2 23 21 0 1 8 0 0
28 31 0 0 2 0 4 0 16 0 3 0 0 32 33 0 8 22 0 26 0 0 0 1 34 0 11 0 12 27 19 0 0 0 0 0
0 0 3 0 29 4 0 0 25 12 14 2 0 35 7 20 0 0 32 36 31 13 0 10 8 30 0 24 0 5 0 34 0 0 0 33
27 14 6 0 17 0 31 0 0 0 0 7 26 18 28 3 10 5 0 33 15 0 0 0 16 4 22 0 1 0 20 23 12 25 0 36
10 20 0 16 0 0 32 0 0 5 0 0 15 0 36 27 13 0 17 0 0 0 22 28 0 0 18 0 9 7 2 6 0 0 11 3
