12 2 9 15 5 10 3 13 11 4 16 8 14 1 6 
14 7 10 16 6 8 4 11 1 2 12 3 5 9 13 
4 13 3 6 1 16 12 14 9 7 5 15 2 10 11 
11 5 1 8 9 15 7 2 14 10 13 6 12 4 16 
3 4 8 12 15 2 5 16 10 13 11 7 6 14 9 
1 10 16 13 12 7 9 8 2 14 6 5 15 11 3 
6 9 5 7 11 13 14 1 15 16 3 4 10 8 12 
15 14 11 2 10 4 6 3 8 12 1 9 13 16 7 
10 8 15 11 13 5 1 6 3 9 4 14 7 12 2 
7 16 14 9 3 12 11 10 5 1 2 13 4 15 8 
2 3 12 5 7 9 16 4 6 15 8 10 1 13 14 
13 1 6 4 8 14 2 15 16 11 7 12 9 3 5 
9 11 2 1 4 3 13 12 7 5 10 16 8 6 15 
16 6 13 14 2 11 15 7 4 8 9 1 3 5 10 
5 15 4 10 16 6 8 9 12 3 14 2 11 7 1 

Binomial encoding:
Solving time: 0.23867255599998316
Number of variables: 4096
Number of clauses: 247808

Product encoding:
Solving time: 0.10625366499971278
Number of variables: 12288
Number of clauses: 92160
