7 8 11 3 16 2 12 4 10 15 13 1 5 14 6 
13 5 1 9 14 6 3 11 16 12 7 2 10 8 15 
4 15 16 6 13 10 5 1 11 9 14 8 2 12 3 
2 14 10 12 9 8 15 7 6 5 3 4 11 16 13 
5 11 6 13 3 14 4 9 2 10 8 15 1 7 16 
9 2 12 16 8 15 7 10 1 11 4 14 6 13 5 
8 4 14 7 6 12 1 2 3 16 5 13 9 10 11 
15 1 3 10 11 16 13 5 12 7 6 9 14 4 2 
12 9 15 14 1 3 16 8 4 2 11 6 7 5 10 
3 6 2 4 10 9 11 13 5 8 15 7 12 1 14 
10 13 5 1 15 7 2 14 9 3 16 12 4 11 8 
11 16 7 8 4 5 6 12 14 13 1 10 15 3 9 
14 3 9 2 5 13 10 15 7 4 12 16 8 6 1 
6 10 13 15 7 4 14 16 8 1 2 11 3 9 12 
1 12 4 5 2 11 8 6 13 14 9 3 16 15 7 

Binomial encoding:
Solving time: 0.24049931499939703
Number of variables: 4096
Number of clauses: 247808

Product encoding:
Solving time: 0.09898640700066608
Number of variables: 12288
Number of clauses: 92160
