10 16 8 7 13 3 14 5 1 6 15 12 9 4 2 
12 11 5 9 1 10 7 6 2 3 8 4 15 13 14 
2 14 6 1 4 15 16 9 11 5 13 10 3 12 7 
4 13 15 3 11 8 2 12 16 7 9 14 5 6 1 
16 9 7 11 3 1 5 13 15 10 4 2 12 8 6 
3 12 10 8 2 9 15 7 5 14 6 13 16 1 11 
1 5 13 6 14 4 12 11 7 8 16 9 10 15 3 
15 2 4 14 6 16 10 8 12 11 3 1 13 5 9 
8 6 11 10 9 12 4 1 3 16 7 5 2 14 15 
13 15 12 16 7 6 3 10 9 2 14 8 1 11 4 
9 1 3 5 8 2 13 14 4 15 12 11 7 16 10 
14 7 2 4 16 5 11 15 10 13 1 6 8 9 12 
5 3 14 12 15 7 6 2 8 9 11 16 4 10 13 
6 8 16 15 10 11 9 4 13 1 2 7 14 3 5 
11 4 1 2 5 13 8 3 14 12 10 15 6 7 16 

Binomial encoding:
Solving time: 0.28555189199960296
Number of variables: 4096
Number of clauses: 247808

Product encoding:
Solving time: 0.1172565670003678
Number of variables: 12288
Number of clauses: 92160
