13 2 16 8 14 3 6 7 10 11 15 4 1 5 12 
14 4 11 7 2 12 5 10 9 16 1 13 15 3 8 
3 12 5 15 4 9 16 1 7 6 2 8 14 13 11 
9 1 6 10 15 8 11 13 12 14 3 5 2 7 4 
11 10 15 1 3 2 9 6 5 13 16 12 7 8 14 
6 7 14 3 13 11 15 16 4 10 8 1 9 12 2 
5 9 13 16 8 7 4 12 14 2 6 11 10 1 15 
12 8 2 4 10 14 1 5 15 7 9 3 13 6 16 
2 5 1 13 11 10 8 3 16 4 7 9 12 14 6 
10 16 8 12 1 15 2 9 6 5 13 14 4 11 3 
4 3 7 6 16 13 12 14 11 8 10 15 5 9 1 
15 14 9 11 6 5 7 4 1 3 12 2 8 16 10 
7 13 3 2 5 1 10 15 8 12 11 16 6 4 9 
16 11 12 14 9 4 13 8 2 15 5 6 3 10 7 
8 6 4 9 7 16 3 2 13 1 14 10 11 15 5 

Binomial encoding:
Solving time: 0.24901276400032657
Number of variables: 4096
Number of clauses: 247808

Product encoding:
Solving time: 0.1075746659998913
Number of variables: 12288
Number of clauses: 92160
