11 9 2 8 16 12 6 15 13 1 4 14 7 3 10 
3 16 15 14 7 2 9 13 5 12 10 6 4 11 1 
1 12 10 13 3 5 14 4 7 15 8 11 2 9 16 
7 6 5 4 11 8 10 1 9 3 16 2 12 14 13 
13 11 3 10 1 4 8 12 14 7 2 15 9 5 6 
16 2 14 15 6 9 7 10 11 5 1 8 3 13 4 
12 5 1 6 14 13 11 16 4 9 3 10 8 7 15 
4 8 7 9 2 15 3 5 16 6 12 13 14 10 11 
14 1 13 16 15 11 2 3 10 8 9 12 6 4 5 
2 4 6 5 13 10 12 9 1 16 11 7 15 8 3 
9 3 8 11 4 6 16 7 15 14 13 5 1 2 12 
10 15 12 7 8 1 5 14 3 2 6 4 11 16 9 
6 13 9 2 5 16 15 11 8 4 7 1 10 12 14 
8 14 11 1 12 3 4 2 6 10 5 16 13 15 7 
5 7 4 3 10 14 1 8 12 13 15 9 16 6 2 

Binomial encoding:
Solving time: 0.2568725990004168
Number of variables: 4096
Number of clauses: 247808

Product encoding:
Solving time: 0.11891592099982518
Number of variables: 12288
Number of clauses: 92160
