14 6 9 11 15 7 3 1 2 12 13 16 4 10 8 
1 16 5 4 11 10 13 2 15 6 14 8 12 9 3 
12 15 13 3 5 4 8 16 9 7 11 10 14 6 1 
7 8 10 2 6 12 14 9 5 1 4 3 15 13 11 
4 11 12 13 10 9 2 14 3 15 5 6 7 8 16 
2 10 7 1 13 15 12 3 8 11 16 4 9 5 14 
15 14 3 5 16 6 7 8 13 9 2 1 10 12 4 
16 9 6 8 1 5 11 4 14 10 7 12 13 3 2 
9 7 16 12 2 11 10 15 1 13 8 5 3 14 6 
10 5 2 15 8 3 16 13 6 4 12 14 1 11 7 
11 13 8 14 7 1 4 6 10 16 3 9 5 2 15 
3 1 4 6 12 14 9 5 11 2 15 7 8 16 10 
8 2 11 16 3 13 1 12 7 5 10 15 6 4 9 
5 12 14 7 9 16 6 10 4 3 1 11 2 15 13 
13 3 1 9 4 8 15 11 12 14 6 2 16 7 5 

Binomial encoding:
Solving time: 0.2511507689996506
Number of variables: 4096
Number of clauses: 247808

Product encoding:
Solving time: 0.09960609700010536
Number of variables: 12288
Number of clauses: 92160
