7 11 13 12 15 14 6 2 1 10 8 3 4 9 5 
16 3 1 15 10 12 9 13 7 4 11 5 2 14 8 
10 9 2 6 8 1 5 4 15 14 16 13 3 7 12 
8 4 5 14 3 16 7 11 9 2 12 6 13 10 15 
3 6 10 16 5 4 14 9 12 15 7 2 8 1 11 
5 8 11 9 6 10 2 15 4 13 1 14 7 3 16 
13 15 12 2 16 8 1 7 5 9 3 11 10 4 6 
1 14 4 7 11 3 13 12 8 16 6 10 15 5 9 
2 1 16 3 7 6 10 5 11 8 13 4 12 15 14 
4 10 15 8 13 2 16 14 6 5 9 12 1 11 3 
6 12 7 11 1 9 4 8 16 3 14 15 5 13 2 
14 13 9 5 12 11 15 3 2 1 10 7 6 16 4 
9 7 3 13 14 5 11 6 10 12 4 8 16 2 1 
11 2 14 10 4 7 8 16 3 6 15 1 9 12 13 
15 5 8 4 9 13 12 1 14 7 2 16 11 6 10 

Binomial encoding:
Solving time: 0.27449927699944965
Number of variables: 4096
Number of clauses: 247808

Product encoding:
Solving time: 0.09994217200073763
Number of variables: 12288
Number of clauses: 92160
