9 12 16 14 2 5 11 15 10 3 1 6 8 7 4 
6 2 13 1 7 10 3 14 11 4 5 8 12 9 15 
4 15 10 5 12 8 13 9 7 16 2 14 11 3 1 
8 7 11 3 16 6 1 4 12 9 13 15 5 10 14 
11 8 5 16 1 14 10 7 3 15 4 2 13 6 9 
14 9 4 12 3 11 6 5 13 1 16 10 2 8 7 
7 10 3 15 8 9 2 13 5 14 6 12 4 1 16 
13 1 2 6 15 16 4 12 9 8 7 11 10 5 3 
5 13 1 11 6 7 8 3 16 12 15 9 14 2 10 
2 6 8 7 11 15 14 16 4 10 3 1 9 13 12 
16 3 14 9 5 4 12 10 6 2 11 13 7 15 8 
15 4 12 10 13 1 9 2 14 7 8 5 16 11 6 
3 5 15 2 10 12 16 1 8 13 14 7 6 4 11 
1 11 7 4 9 13 5 8 15 6 12 16 3 14 2 
10 16 6 8 14 3 15 11 2 5 9 4 1 12 13 

Binomial encoding:
Solving time: 0.2415090959993904
Number of variables: 4096
Number of clauses: 247808

Product encoding:
Solving time: 0.11207440699945437
Number of variables: 12288
Number of clauses: 92160
