15 12 4 8 9 2 21 20 19 22 1 18 3 11 14 23 10 13 5 7 24 6 25 17 
18 11 21 20 2 6 5 9 16 3 19 12 22 17 7 14 4 25 8 24 15 23 10 13 
3 13 5 14 22 12 10 25 15 4 8 6 23 24 16 17 1 2 11 21 20 7 9 19 
23 17 19 7 25 1 18 24 14 13 10 5 15 2 21 16 9 6 20 3 11 22 12 4 
24 6 10 16 1 17 8 11 7 23 4 13 20 9 25 22 15 19 18 12 21 5 3 14 
10 9 6 4 20 13 11 16 23 18 12 21 5 8 19 2 24 14 25 22 3 15 17 1 
17 19 2 3 12 5 24 15 10 25 11 22 16 14 13 9 7 1 4 8 18 21 6 20 
1 25 24 15 21 4 14 22 20 19 7 23 6 3 10 11 18 16 12 17 9 8 13 2 
11 16 13 23 8 21 7 17 3 9 18 24 4 1 2 6 5 15 10 20 19 12 14 22 
5 22 7 18 14 8 1 12 2 6 25 20 17 15 9 3 13 23 21 19 10 11 16 24 
19 8 1 17 5 15 4 14 25 12 21 3 7 16 11 10 20 18 22 9 2 13 24 23 
6 18 23 10 11 16 22 3 21 1 14 25 9 4 24 8 19 17 2 13 5 20 15 7 
22 7 16 21 24 19 13 10 6 2 20 15 1 5 8 12 23 4 3 25 17 18 11 9 
12 3 20 9 15 18 23 8 24 7 13 17 2 19 22 5 11 21 6 14 16 1 4 25 
2 14 25 13 4 11 17 5 9 20 6 10 12 23 18 15 16 24 7 1 22 19 8 3 
8 10 15 1 19 22 20 21 17 16 23 14 13 18 5 25 6 3 9 11 4 2 7 12 
9 24 18 11 16 7 3 23 1 8 15 2 21 25 12 4 17 22 13 10 6 14 19 5 
4 21 12 6 7 14 19 18 13 15 22 16 11 20 17 1 8 5 24 2 25 9 23 10 
20 23 22 25 3 24 2 4 5 10 9 7 19 6 1 18 14 12 15 16 13 17 21 8 
14 5 17 2 13 9 25 6 12 11 24 4 8 10 3 7 21 20 19 23 1 16 22 18 
13 20 3 24 17 25 12 2 18 21 5 11 14 7 6 19 22 8 16 4 23 10 1 15 
7 1 8 22 23 3 6 13 4 14 16 9 25 21 15 20 2 10 17 18 12 24 5 11 
16 2 11 5 10 20 15 7 8 17 3 19 24 12 23 13 25 9 1 6 14 4 18 21 
25 15 14 19 6 10 9 1 22 24 2 8 18 13 4 21 12 11 23 5 7 3 20 16 

Binomial encoding:
Solving time: 1.9721241679999366
Number of variables: 15625
Number of clauses: 1505000

Product encoding:
Solving time: 0.7566649589998633
Number of variables: 40625
Number of clauses: 355000
