17 13 21 6 9 7 20 15 8 1 11 3 12 4 5 2 14 18 24 23 10 25 19 22 
5 2 19 22 24 10 3 4 13 12 18 7 16 9 6 17 21 25 11 1 8 20 14 23 
7 8 25 15 14 18 5 6 23 22 1 20 17 2 19 10 16 13 3 12 21 4 24 11 
11 23 20 3 18 16 2 25 21 9 14 24 10 15 13 7 8 4 22 19 12 1 6 17 
4 10 12 1 16 11 14 19 17 24 25 23 21 22 8 6 15 5 9 20 13 3 2 18 
10 9 7 2 21 19 17 16 22 25 5 18 1 24 14 20 12 3 4 6 15 8 23 13 
1 12 8 5 17 3 21 11 9 18 19 6 23 16 15 13 2 14 25 24 22 10 7 20 
15 6 22 25 19 13 24 10 7 2 8 9 4 20 12 23 17 21 5 11 14 16 18 1 
23 14 18 11 4 6 12 20 15 8 17 13 3 25 22 9 7 10 1 16 19 5 21 24 
13 16 24 20 3 23 4 14 1 5 10 21 11 7 2 15 22 8 19 18 17 12 9 6 
2 11 9 23 1 4 13 3 18 6 21 12 25 17 10 8 24 20 14 7 16 22 5 15 
25 19 3 18 15 1 9 22 20 16 7 11 6 14 24 5 10 2 12 13 4 17 8 21 
22 24 14 12 6 25 10 5 19 17 9 8 2 13 16 21 4 1 23 15 11 7 20 3 
20 7 5 10 8 2 23 24 14 21 3 1 15 18 4 11 19 16 17 22 9 13 25 12 
21 17 4 16 13 8 15 12 11 7 20 22 5 19 23 3 18 9 6 25 2 24 10 14 
8 15 13 19 23 21 1 17 5 11 12 14 7 3 25 24 20 6 16 9 18 2 22 4 
6 5 10 9 20 15 7 2 12 3 22 19 13 1 18 4 11 17 21 8 23 14 16 25 
3 1 11 17 12 24 6 13 25 14 16 4 8 23 21 18 5 22 10 2 7 19 15 9 
24 25 16 14 22 9 8 18 10 4 2 15 20 6 11 19 23 12 7 3 1 21 13 5 
18 4 2 21 7 22 19 23 16 20 24 5 9 10 17 1 25 15 13 14 6 11 3 8 
16 3 1 8 5 20 18 21 6 15 4 17 19 11 9 14 13 24 2 10 25 23 12 7 
9 21 23 4 11 14 16 8 3 19 6 2 22 12 20 25 1 7 18 5 24 15 17 10 
12 18 15 24 10 17 22 1 2 23 13 25 14 5 7 16 9 11 20 21 3 6 4 19 
14 22 17 13 25 5 11 7 24 10 23 16 18 8 3 12 6 19 15 4 20 9 1 2 

Binomial encoding:
Solving time: 1.9414637159998165
Number of variables: 15625
Number of clauses: 1505000

Product encoding:
Solving time: 0.49423848200058274
Number of variables: 40625
Number of clauses: 355000
