22 18 6 17 12 8 4 20 23 11 21 7 9 14 2 16 25 3 13 15 19 5 10 1 
19 20 14 21 3 2 25 24 16 10 6 13 8 22 11 1 12 17 23 5 7 9 15 4 
25 23 2 15 7 13 17 12 1 19 5 10 4 24 16 9 8 20 18 21 6 3 14 22 
4 16 13 24 9 22 5 14 6 3 15 18 12 17 1 19 11 7 10 2 25 20 23 21 
8 10 1 5 11 7 18 15 21 9 20 25 19 3 23 6 24 14 4 22 2 13 16 12 
18 13 9 4 24 1 7 17 10 12 14 15 23 2 20 11 21 25 8 6 16 22 5 3 
20 21 15 3 23 19 16 9 8 22 7 17 24 11 10 12 18 1 5 4 14 6 2 25 
11 1 17 6 2 18 13 4 25 24 19 16 3 5 21 23 22 15 20 14 8 12 9 7 
14 22 7 8 25 21 2 23 20 5 13 9 6 12 18 3 19 10 17 16 11 1 24 15 
10 19 16 12 5 15 3 6 11 14 4 22 1 25 8 2 9 13 7 24 20 17 18 23 
21 6 11 18 10 16 23 25 14 17 8 4 5 7 9 22 3 12 19 13 1 2 20 24 
24 25 20 13 1 6 9 5 3 8 16 21 15 10 19 14 7 2 11 17 12 4 22 18 
23 15 19 7 14 20 11 13 22 2 12 3 17 1 24 18 4 16 6 9 10 21 8 5 
3 8 4 2 22 10 24 7 12 21 18 11 13 20 14 5 15 23 1 25 17 19 6 16 
16 12 5 9 17 4 15 18 19 1 2 23 22 6 25 21 10 8 24 20 3 11 7 13 
9 24 10 19 8 12 21 2 7 23 25 6 16 18 5 15 13 4 3 1 22 14 17 11 
7 14 21 25 15 5 6 11 17 18 24 19 2 4 3 8 20 22 12 23 13 10 1 9 
1 11 3 23 20 14 22 19 9 25 17 12 21 8 13 10 2 24 16 7 18 15 4 6 
5 4 12 16 6 3 20 8 13 15 10 1 7 23 22 17 14 18 9 11 21 24 25 19 
2 17 18 22 13 24 1 10 4 16 11 14 20 9 15 25 5 6 21 19 23 7 12 8 
12 2 8 14 16 23 19 22 18 7 9 24 11 13 17 20 6 5 15 3 4 25 21 10 
13 7 25 1 19 17 8 3 15 20 22 5 18 21 6 4 23 9 2 10 24 16 11 14 
6 5 22 20 18 9 14 21 24 4 3 2 10 16 12 13 1 11 25 8 15 23 19 17 
17 3 24 10 21 11 12 1 5 6 23 20 25 15 4 7 16 19 14 18 9 8 13 2 

Binomial encoding:
Solving time: 1.8779912950003563
Number of variables: 15625
Number of clauses: 1505000

Product encoding:
Solving time: 0.560591659000238
Number of variables: 40625
Number of clauses: 355000
