22 4 11 5 10 2 19 14 9 17 15 3 6 1 25 13 20 8 18 21 7 16 24 23 
2 17 14 24 20 6 22 13 3 18 12 8 11 19 23 4 16 25 10 7 1 21 9 5 
6 3 21 19 1 7 16 8 20 12 24 9 22 17 4 5 23 14 11 15 10 25 13 18 
15 12 8 25 16 5 21 23 4 10 18 2 13 7 20 1 22 3 9 24 11 19 6 17 
7 18 23 9 13 15 24 25 11 1 21 5 16 14 10 2 17 6 12 19 4 22 3 8 
24 16 22 6 21 11 23 2 18 3 25 13 10 5 14 9 19 15 4 17 8 20 12 7 
4 7 25 3 2 8 20 15 22 19 23 18 9 11 17 10 12 5 16 1 6 14 21 13 
12 15 19 20 14 4 17 5 10 21 16 24 1 8 6 7 13 23 2 11 9 18 25 22 
5 9 13 11 23 1 14 16 12 6 22 15 7 20 21 3 18 24 25 8 2 17 10 19 
8 1 18 10 17 13 25 7 24 9 19 12 4 2 3 6 21 20 22 14 5 23 11 15 
17 13 9 2 6 18 15 1 7 14 5 22 20 4 12 24 3 11 23 10 21 8 19 16 
20 23 15 1 22 24 2 19 16 25 8 11 17 13 9 21 6 7 14 12 18 5 4 3 
19 10 16 8 3 21 12 20 5 22 2 6 23 25 7 18 15 4 1 13 24 11 17 14 
11 24 12 7 5 9 10 4 8 13 3 19 14 21 18 16 25 22 17 20 15 2 23 1 
14 21 4 18 25 3 11 17 6 23 1 16 24 10 15 8 2 19 5 9 12 13 7 20 
10 19 3 21 18 16 8 24 23 5 7 20 12 6 11 17 4 9 15 25 14 1 22 2 
9 6 7 23 11 12 18 10 17 20 4 21 5 22 16 14 1 13 8 2 3 24 15 25 
13 20 5 15 12 19 1 3 14 7 10 23 25 18 2 11 24 21 6 22 17 4 16 9 
1 25 17 4 24 22 13 6 2 11 9 14 19 15 8 23 10 16 3 5 20 7 18 12 
16 22 2 14 8 25 4 9 21 15 13 17 3 24 1 20 7 12 19 18 23 10 5 6 
18 11 20 12 19 10 6 21 25 24 14 1 2 9 22 15 5 17 13 23 16 3 8 4 
23 5 24 17 4 14 3 22 1 2 11 25 8 16 19 12 9 10 7 6 13 15 20 21 
21 14 10 22 9 23 7 18 13 16 17 4 15 12 24 25 8 2 20 3 19 6 1 11 
3 2 1 16 15 20 5 12 19 8 6 7 21 23 13 22 11 18 24 4 25 9 14 10 

Binomial encoding:
Solving time: 1.669757486999515
Number of variables: 15625
Number of clauses: 1505000

Product encoding:
Solving time: 0.5186545380001917
Number of variables: 40625
Number of clauses: 355000
