12 11 15 2 16 21 20 24 14 5 17 13 10 6 9 23 19 18 22 25 4 7 3 8 
6 17 23 5 14 19 7 25 13 8 16 18 1 12 15 9 3 10 20 4 2 22 24 11 
18 20 21 4 13 16 10 2 9 17 14 3 22 23 11 12 8 1 24 7 15 5 19 6 
25 1 9 8 19 4 11 22 3 12 20 7 24 21 5 13 15 17 6 2 18 16 23 10 
10 3 24 7 22 6 15 1 23 18 8 4 19 25 2 5 11 16 21 14 13 17 12 9 
2 9 10 6 11 13 17 19 21 20 1 16 5 15 4 3 23 12 25 8 22 18 14 24 
20 14 25 23 15 8 2 5 22 9 18 12 7 11 3 24 10 4 1 6 21 19 16 17 
13 19 22 1 7 24 14 3 16 11 25 21 17 8 6 20 2 9 18 15 12 4 5 23 
5 4 3 17 12 23 18 7 15 25 24 10 9 22 14 11 21 19 13 16 6 1 20 2 
16 24 8 18 21 12 1 4 6 10 19 23 20 2 13 14 17 7 5 22 3 25 9 15 
11 13 18 12 3 10 4 20 24 23 5 19 21 14 8 17 6 25 7 9 1 15 2 22 
15 25 1 10 24 2 21 16 7 13 3 11 23 4 18 8 5 22 19 20 9 12 6 14 
7 5 2 16 4 15 9 14 1 22 13 6 12 17 24 21 18 3 10 23 25 8 11 20 
19 6 17 14 23 11 5 8 12 3 15 22 25 9 20 2 16 13 4 1 7 24 10 21 
22 21 20 9 8 25 19 17 18 6 10 1 2 16 7 15 24 14 11 12 5 3 4 13 
23 15 19 22 10 9 8 6 4 7 11 2 14 13 1 16 20 24 12 18 17 21 25 3 
24 18 4 21 17 22 3 15 10 2 12 20 8 19 25 1 13 11 23 5 14 9 7 16 
8 12 5 25 6 17 16 23 11 14 4 24 18 3 21 7 22 15 9 10 19 20 13 1 
1 16 13 3 9 20 25 12 5 21 23 17 6 7 10 4 14 2 8 19 24 11 22 18 
14 2 7 11 20 1 13 18 19 24 22 9 15 5 16 6 25 21 3 17 10 23 8 12 
21 8 11 19 18 7 6 10 2 1 9 15 13 24 23 25 12 5 16 3 20 14 17 4 
3 7 6 13 2 18 23 11 17 19 21 5 16 1 12 22 4 20 14 24 8 10 15 25 
4 23 16 20 25 5 12 9 8 15 2 14 3 10 22 18 7 6 17 21 11 13 1 19 
9 10 14 24 5 3 22 13 20 16 6 25 4 18 17 19 1 8 15 11 23 2 21 7 

Binomial encoding:
Solving time: 1.9424304490003124
Number of variables: 15625
Number of clauses: 1505000

Product encoding:
Solving time: 0.5137633839995033
Number of variables: 40625
Number of clauses: 355000
