10 16 1 9 8 20 17 2 23 4 12 25 13 21 14 19 11 24 15 7 18 6 5 3 
3 25 20 11 6 15 22 14 16 13 18 2 8 17 19 1 4 5 23 9 10 12 7 21 
23 7 18 15 14 9 11 1 19 8 3 4 5 22 24 17 12 10 6 21 20 2 16 13 
12 24 13 17 5 3 18 7 21 6 11 9 1 10 16 2 22 20 8 25 14 19 4 15 
2 22 21 4 19 5 12 10 24 25 7 20 6 15 23 18 14 13 16 3 1 11 17 8 
5 4 12 23 18 2 14 11 15 10 13 8 22 20 6 9 3 25 24 19 17 7 21 1 
15 11 19 2 21 7 5 25 22 20 24 18 12 16 4 23 17 1 10 6 9 13 3 14 
8 14 10 25 3 24 23 16 9 19 1 17 21 5 11 7 20 22 18 13 2 15 12 6 
24 13 22 16 17 8 1 21 6 3 23 14 9 7 15 12 5 4 11 2 25 18 10 20 
1 6 9 7 20 18 13 4 12 17 2 3 19 25 10 15 16 21 14 8 11 24 23 22 
20 3 4 18 13 22 6 24 8 23 15 21 14 1 25 10 2 16 9 12 19 5 11 17 
11 10 2 1 23 14 16 12 17 9 5 7 4 6 13 25 19 18 22 20 21 8 15 24 
6 5 15 19 22 1 4 13 25 11 9 12 10 18 3 8 24 7 21 17 23 16 14 2 
17 21 8 14 12 10 20 15 2 7 19 16 23 24 22 5 1 3 4 11 13 9 25 18 
25 9 7 24 16 19 21 18 3 5 20 11 2 8 17 14 23 6 13 15 12 22 1 4 
9 12 11 5 10 25 19 6 14 18 22 13 3 23 7 24 21 17 2 4 15 20 8 16 
13 19 16 8 4 21 9 20 11 12 6 24 17 14 1 22 15 23 5 10 7 3 2 25 
14 17 25 22 24 23 7 3 1 15 10 5 18 11 2 20 8 12 19 16 4 21 6 9 
7 1 23 3 2 13 24 8 4 22 21 15 16 9 20 6 18 11 25 14 5 17 19 10 
18 20 6 21 15 17 2 5 10 16 4 19 25 12 8 3 13 9 7 1 22 14 24 23 
19 2 14 6 7 12 25 17 5 24 16 22 20 13 9 4 10 15 3 23 8 1 18 11 
22 15 5 10 1 4 8 9 7 21 17 23 11 3 12 16 6 14 20 18 24 25 13 19 
21 8 17 13 9 16 3 23 20 1 14 10 24 19 18 11 25 2 12 5 6 4 22 7 
4 23 3 12 25 11 15 22 18 14 8 6 7 2 21 13 9 19 1 24 16 10 20 5 

Binomial encoding:
Solving time: 2.033535796999786
Number of variables: 15625
Number of clauses: 1505000

Product encoding:
Solving time: 0.5045868859997427
Number of variables: 40625
Number of clauses: 355000
