14 4 21 7 5 2 3 22 10 18 11 1 16 13 19 15 24 6 12 20 25 8 17 23 
8 10 12 6 15 23 21 19 5 7 24 4 3 9 18 22 17 25 16 13 20 2 14 1 
3 22 9 17 25 20 11 16 24 4 14 6 23 12 5 21 10 1 2 8 18 19 7 15 
1 23 13 20 11 12 6 15 14 8 17 21 2 22 25 18 7 19 9 4 24 5 10 3 
24 2 16 18 19 17 13 1 9 25 8 7 10 20 15 5 11 14 23 3 22 12 6 4 
17 18 20 22 16 7 24 23 11 12 2 25 19 5 6 13 8 9 14 15 10 4 3 21 
9 25 4 23 24 19 14 3 16 1 22 15 18 17 8 6 5 10 7 21 12 11 13 2 
19 6 3 10 1 21 15 2 18 20 4 14 9 7 13 24 12 23 11 22 16 17 8 5 
7 12 2 5 14 13 25 4 8 6 10 16 11 21 24 3 1 20 17 19 9 23 22 18 
21 15 11 8 13 22 9 5 17 10 12 23 20 1 3 16 18 4 25 2 7 24 19 6 
5 9 17 19 2 15 18 11 4 3 25 22 13 16 1 14 21 12 10 23 6 7 20 24 
15 7 24 16 22 8 5 12 20 23 21 2 4 3 14 19 6 18 13 25 17 9 1 11 
6 11 18 25 8 1 19 10 21 13 20 5 7 15 23 2 9 17 22 24 4 14 16 12 
20 14 10 3 23 16 17 6 7 9 19 18 24 8 12 11 15 5 4 1 21 22 25 13 
4 13 1 21 12 14 2 25 22 24 9 17 6 11 10 8 3 7 20 16 15 18 23 19 
25 21 15 2 18 5 7 20 13 11 23 8 17 19 9 4 14 16 1 6 3 10 24 22 
13 24 14 4 6 25 8 9 3 21 15 20 5 10 2 17 23 22 19 12 11 1 18 16 
23 17 19 12 9 10 22 18 1 15 16 11 21 14 4 7 13 3 24 5 8 20 2 25 
16 20 22 11 3 6 12 14 23 19 13 24 1 25 7 9 2 8 18 10 5 15 21 17 
10 5 8 1 7 4 16 24 2 17 18 3 12 6 22 20 25 15 21 11 19 13 9 14 
22 8 7 15 4 9 1 21 12 14 6 19 25 18 16 23 20 2 5 17 13 3 11 10 
11 16 23 9 17 3 4 13 6 5 7 10 22 2 20 25 19 24 15 14 1 21 12 8 
18 1 5 14 20 11 23 17 19 16 3 12 8 24 21 10 4 13 6 7 2 25 15 9 
2 3 25 24 21 18 10 7 15 22 1 13 14 4 17 12 16 11 8 9 23 6 5 20 

Binomial encoding:
Solving time: 2.1294787589995394
Number of variables: 15625
Number of clauses: 1505000

Product encoding:
Solving time: 0.5647100770001998
Number of variables: 40625
Number of clauses: 355000
