8 9 1 11 12 23 17 3 16 10 7 25 19 22 18 5 4 20 24 6 15 13 14 2 
14 10 24 16 20 15 7 18 4 12 23 13 11 1 17 2 25 21 19 22 9 8 3 6 
3 6 19 18 15 2 24 5 9 14 21 12 20 4 8 17 13 7 10 16 1 25 22 11 
17 22 4 5 25 13 21 1 20 11 6 3 10 2 16 14 8 15 23 9 18 19 12 7 
23 13 2 7 21 22 8 6 25 19 9 5 15 14 24 18 1 3 11 12 4 10 17 20 
11 14 23 8 22 5 9 7 2 6 4 18 16 20 13 15 17 10 3 21 19 1 24 25 
24 20 5 1 10 3 14 8 23 17 15 9 6 12 2 25 19 11 16 4 7 22 21 18 
2 4 17 19 7 18 20 24 13 1 5 8 21 25 10 23 6 22 12 14 3 11 15 16 
16 3 15 6 18 21 25 11 12 22 24 14 7 23 19 1 9 8 5 13 17 20 10 4 
25 21 9 12 13 16 15 19 10 4 17 11 1 3 22 7 20 24 2 18 14 6 23 5 
10 5 18 2 3 1 22 9 6 15 25 24 4 7 11 12 16 13 8 17 21 23 20 19 
7 8 22 17 1 14 13 21 24 3 18 16 12 19 23 10 5 9 6 20 11 2 4 15 
9 12 11 4 19 25 2 20 7 5 10 1 3 6 14 22 15 18 21 23 8 24 16 13 
21 25 6 15 16 19 18 12 11 23 13 20 8 17 9 4 3 2 14 24 22 7 5 10 
13 23 20 24 14 8 4 10 17 16 22 15 2 5 21 11 7 19 1 25 12 9 6 3 
12 1 14 3 24 11 10 23 21 13 2 17 22 8 5 19 18 6 4 7 16 15 25 9 
15 11 7 20 6 9 19 22 1 25 12 21 18 10 3 24 23 16 13 8 5 14 2 17 
5 16 10 25 2 20 6 4 3 8 14 19 9 15 7 21 11 12 17 1 24 18 13 23 
22 18 13 9 4 12 5 17 15 24 11 6 23 16 1 3 14 25 20 2 10 21 7 8 
19 17 8 21 23 7 16 2 14 18 20 4 13 24 25 9 22 5 15 10 6 3 1 12 
4 2 25 13 8 17 23 14 18 9 19 10 5 21 15 16 24 1 7 3 20 12 11 22 
20 24 12 22 17 4 3 15 8 2 16 7 25 11 6 13 21 14 9 19 23 5 18 1 
18 7 16 10 5 6 1 13 19 21 3 23 14 9 12 20 2 4 22 11 25 17 8 24 
6 15 21 23 9 10 11 16 22 7 1 2 24 18 20 8 12 17 25 5 13 4 19 14 

Binomial encoding:
Solving time: 1.7070351219999793
Number of variables: 15625
Number of clauses: 1505000

Product encoding:
Solving time: 0.4299586590004765
Number of variables: 40625
Number of clauses: 355000
