33 12 26 14 17 3 29 28 6 15 4 9 27 1 2 34 19 11 5 30 20 25 16 32 24 21 10 36 18 23 13 22 31 7 8 
28 20 34 35 4 10 21 14 32 22 31 19 9 12 36 23 24 29 33 18 8 7 27 26 13 15 16 25 6 30 11 2 17 5 1 
2 27 9 19 30 29 35 5 16 34 24 20 18 8 14 13 6 10 21 3 31 23 15 11 26 33 17 22 7 1 25 4 36 28 32 
23 8 22 24 16 25 13 2 1 18 7 3 30 28 26 17 21 20 6 14 36 4 35 12 11 5 32 19 29 31 15 33 34 27 10 
21 31 1 15 18 32 30 23 36 11 33 12 4 3 22 5 25 7 17 10 2 28 13 29 35 9 20 27 8 34 24 14 16 6 19 
5 13 7 36 11 6 10 25 27 8 17 26 16 15 32 33 31 35 22 1 19 9 24 34 3 14 12 28 2 4 21 18 20 29 30 
35 32 15 31 8 19 3 4 21 14 12 36 28 9 1 6 22 13 18 20 33 17 5 16 30 29 27 23 34 7 26 24 11 25 2 
11 34 23 2 12 26 31 20 19 10 1 32 33 7 8 21 29 14 24 9 27 6 36 3 16 17 18 13 15 25 35 28 4 22 5 
1 33 18 9 20 17 27 24 29 16 6 23 12 30 15 4 5 36 34 21 11 35 28 25 2 26 3 10 22 8 31 13 7 32 14 
3 6 16 5 10 27 11 8 2 35 18 28 25 23 17 24 26 34 14 13 7 31 30 22 36 32 4 20 33 19 12 9 15 21 29 
13 7 25 29 24 4 22 30 34 9 15 5 10 35 20 31 16 3 1 26 32 2 19 8 12 6 28 14 21 11 23 17 18 33 27 
14 28 21 30 36 22 17 13 25 33 26 7 11 18 27 19 32 2 4 12 29 15 23 10 31 35 24 5 1 9 20 8 6 3 16 
17 19 29 10 28 2 26 34 35 31 23 30 15 36 16 14 11 22 8 25 13 12 18 9 32 24 7 21 20 5 27 6 3 1 4 
22 24 5 13 21 34 16 18 10 3 36 6 7 4 28 27 2 32 20 35 17 33 29 15 19 30 1 31 11 12 14 26 8 23 9 
26 9 12 7 33 14 5 21 8 1 29 25 17 10 31 30 13 24 2 19 34 3 22 23 4 27 36 6 35 18 16 11 32 15 20 
6 4 35 27 31 8 7 15 17 28 11 24 20 29 34 25 9 23 16 32 26 1 21 5 14 3 2 33 10 22 18 19 12 30 36 
36 3 11 25 32 18 33 22 20 12 19 13 26 21 5 35 1 6 28 7 14 30 4 27 15 23 8 9 16 17 2 34 10 31 24 
30 23 20 16 15 1 4 32 14 27 9 2 8 19 3 12 33 18 36 11 24 10 31 6 28 34 25 29 26 13 7 5 21 35 22 
27 14 17 22 2 7 36 19 13 26 21 29 5 34 30 18 10 28 3 24 15 20 12 31 23 1 11 35 9 6 4 32 33 16 25 
12 21 19 1 13 11 23 3 15 25 30 4 2 22 35 7 36 33 32 16 6 34 8 18 27 20 26 17 31 14 10 29 5 9 28 
18 30 6 8 35 28 34 1 9 20 5 10 24 27 12 11 3 25 29 33 22 26 17 4 7 19 21 2 32 16 36 31 13 14 23 
31 10 24 26 23 9 6 16 11 17 28 33 21 32 19 8 15 1 25 2 5 27 14 35 34 36 13 18 4 29 3 7 30 20 12 
16 15 3 20 25 33 32 35 22 2 8 31 13 26 4 29 14 17 9 36 23 21 7 1 10 28 5 30 12 24 34 27 19 18 6 
29 5 4 32 34 36 24 27 12 7 14 18 31 20 6 9 23 16 19 28 30 11 10 13 8 22 33 15 25 3 17 1 35 26 21 
4 2 36 11 27 31 1 17 26 32 20 21 23 24 13 15 18 9 12 6 28 29 3 14 5 10 19 16 30 33 8 25 22 34 35 
20 26 33 34 3 35 19 11 31 30 16 8 36 6 7 28 4 5 10 15 1 13 32 17 21 25 22 24 27 2 9 23 29 12 18 
10 25 8 23 14 5 28 12 24 6 27 15 35 16 33 2 34 30 7 22 21 19 26 36 29 18 9 4 13 20 32 3 1 17 11 
15 1 28 17 9 12 2 10 4 29 13 14 22 11 21 3 20 19 23 34 35 18 25 33 6 8 31 7 36 32 30 16 27 24 26 
7 29 32 18 19 30 9 33 5 36 34 22 14 17 25 10 8 26 27 31 16 24 11 20 1 12 35 3 23 28 6 21 2 13 15 
24 16 13 6 22 21 18 7 3 23 25 35 1 31 29 32 12 27 30 8 4 5 9 2 17 11 34 26 14 15 19 10 28 36 33 
19 36 14 21 5 16 8 9 33 4 2 17 3 25 10 20 27 15 13 23 12 32 34 30 18 7 29 1 28 26 22 35 24 11 31 
8 17 27 3 26 24 12 31 18 19 35 34 6 2 23 1 28 21 11 29 25 22 20 7 9 4 15 32 5 36 33 30 14 10 13 
9 22 2 12 29 15 14 36 30 21 32 11 19 5 24 26 35 8 31 27 3 16 33 28 25 13 6 34 17 10 1 20 23 4 7 
25 11 10 33 6 23 15 29 7 5 3 16 32 13 9 22 17 31 35 4 18 14 1 24 20 2 30 12 19 21 28 36 26 8 34 
34 35 31 4 7 20 25 6 28 13 22 1 29 14 18 36 30 12 26 17 10 8 2 21 33 16 23 11 24 27 5 15 9 19 3 

Binomial encoding:
Solving time: 8.925072834000275
Number of variables: 46656
Number of clauses: 6542208

Product encoding:
Solving time: 2.783223135999833
Number of variables: 108864
Number of clauses: 1067904
