7 33 13 3 28 19 29 35 2 6 16 22 25 31 26 24 11 17 36 30 21 23 8 34 1 5 14 18 27 20 10 9 15 32 4 
12 9 32 31 22 21 23 8 15 20 18 1 10 30 14 6 28 4 5 19 24 17 25 11 36 7 35 16 13 3 33 27 2 34 26 
26 23 1 18 15 36 34 10 11 7 27 17 12 33 8 29 22 3 14 6 2 4 35 13 9 24 32 28 30 25 5 21 16 31 20 
6 30 24 5 2 35 21 14 26 33 36 12 7 32 19 9 34 18 20 27 10 16 15 31 22 23 29 4 11 17 28 8 25 13 1 
4 29 16 34 11 20 19 28 25 5 32 24 21 35 15 23 13 27 26 18 3 9 1 12 10 2 33 8 6 31 36 17 14 22 7 
17 27 25 10 8 14 13 9 31 4 3 30 16 20 36 5 1 2 33 29 7 22 28 32 19 34 15 26 21 12 24 11 6 23 35 
2 28 23 14 26 10 7 4 3 12 24 33 6 19 16 34 9 36 30 11 32 25 21 15 17 13 18 31 5 29 35 1 20 8 22 
19 25 15 22 35 3 28 34 13 10 1 5 30 23 17 18 33 29 31 8 20 36 2 24 21 16 27 9 4 11 6 12 26 7 14 
34 18 17 29 6 4 8 19 9 14 15 11 3 1 35 12 27 31 7 22 13 5 16 33 26 25 24 20 32 2 23 28 21 30 10 
24 13 9 30 32 12 25 17 21 16 6 20 11 22 5 10 14 26 29 35 28 3 27 1 34 15 8 7 23 36 4 19 31 2 18 
36 7 11 21 16 1 18 31 22 29 30 27 20 8 2 25 24 32 10 9 26 6 23 4 12 33 19 14 35 28 15 13 17 3 34 
31 5 20 8 33 27 36 23 32 35 26 2 15 4 28 7 21 13 17 14 34 19 12 18 6 3 22 30 1 10 25 29 9 24 11 
23 32 34 25 21 2 10 7 35 27 17 16 33 29 30 19 36 1 11 31 12 26 22 20 5 14 4 6 9 13 18 15 3 28 8 
1 19 22 26 5 33 15 12 30 31 8 14 23 17 24 11 10 7 4 28 35 13 18 2 27 20 34 21 3 16 32 6 36 25 29 
11 10 35 16 24 18 1 13 29 23 5 25 27 9 4 32 31 15 6 34 8 30 3 14 28 12 36 2 22 26 20 7 19 21 33 
9 17 4 12 31 30 3 11 36 28 20 19 14 34 13 26 25 6 1 21 23 24 33 10 32 29 7 15 18 8 22 2 27 16 5 
8 3 6 20 29 28 33 32 18 34 9 4 2 16 21 22 35 12 15 7 36 27 5 25 31 17 11 23 24 19 30 14 1 10 13 
14 36 7 15 27 13 2 22 24 26 21 6 8 18 3 28 20 5 19 16 29 32 17 9 30 1 25 10 33 35 31 34 11 12 23 
28 26 19 35 30 17 14 29 5 32 13 23 31 10 11 8 12 21 9 33 4 7 6 27 25 22 16 34 15 1 2 18 24 36 3 
15 1 29 33 25 23 9 6 34 24 11 8 28 36 32 14 26 35 22 13 16 18 30 17 2 27 20 3 12 5 19 10 7 4 21 
13 6 27 11 12 31 22 33 28 18 4 15 29 24 1 17 2 16 3 20 5 35 10 26 7 32 9 19 36 21 8 23 30 14 25 
32 14 3 9 34 7 31 21 17 2 35 36 18 25 22 20 4 19 8 23 15 1 29 28 24 30 10 13 26 6 12 16 33 5 27 
18 2 10 36 20 5 16 26 12 30 19 3 34 7 9 27 6 33 25 24 11 31 32 21 8 28 23 29 14 4 13 35 22 17 15 
16 8 21 24 4 22 27 1 20 25 7 10 5 13 23 15 3 30 34 2 14 12 19 36 35 18 17 11 31 33 26 32 29 9 6 
25 34 14 23 3 9 32 15 6 21 22 7 35 11 33 2 18 8 28 26 17 10 31 16 20 19 12 5 29 24 27 30 4 1 36 
27 16 12 28 18 15 24 20 10 13 23 31 19 21 29 3 7 14 32 36 1 8 11 35 4 9 6 33 17 30 34 25 5 26 2 
10 35 8 13 7 11 4 2 16 3 29 26 36 6 20 30 5 24 23 12 33 34 9 22 18 21 1 27 25 14 17 31 32 19 28 
30 20 31 6 17 32 35 5 1 19 25 28 22 26 12 4 23 9 27 15 18 29 24 7 13 10 3 36 2 34 21 33 8 11 16 
21 24 33 4 1 29 11 36 14 17 34 18 32 27 31 16 15 25 2 5 30 20 13 19 23 26 28 35 8 22 9 3 10 6 12 
5 22 36 2 19 26 12 30 27 8 33 9 1 28 10 13 17 34 21 25 6 14 4 3 16 11 31 32 7 15 29 20 35 18 24 
22 12 28 32 14 16 26 18 8 15 10 13 24 3 25 36 30 20 35 1 9 11 34 5 29 6 21 17 19 27 7 4 23 33 31 
35 31 30 1 10 25 20 27 7 11 2 29 13 12 18 33 32 28 24 17 19 21 36 8 3 4 26 22 16 23 14 5 34 15 9 
20 15 18 19 36 24 5 16 23 9 31 34 4 14 6 21 29 11 12 32 25 28 26 30 33 35 2 1 10 7 3 22 13 27 17 
29 4 26 27 13 6 30 3 19 1 14 21 17 2 34 35 8 22 16 10 31 33 7 23 15 36 5 12 28 9 11 24 18 20 32 
33 11 5 7 23 8 17 25 4 36 28 35 9 15 27 1 19 10 18 3 22 2 20 6 14 31 13 24 34 32 16 26 12 29 30 

Binomial encoding:
Solving time: 8.933384336000017
Number of variables: 46656
Number of clauses: 6542208

Product encoding:
Solving time: 1.7057094820002021
Number of variables: 108864
Number of clauses: 1067904
