36 1 22 11 34 16 5 32 27 10 33 20 13 25 26 17 12 28 7 6 24 30 29 3 14 15 31 8 21 9 23 2 35 18 19 
13 3 29 35 24 21 18 34 12 26 11 14 15 16 5 2 19 23 1 36 9 22 20 32 10 7 30 4 28 6 25 27 17 33 31 
18 33 32 20 14 12 2 6 24 25 21 29 27 34 30 7 9 8 26 4 17 28 31 15 13 19 1 23 35 11 10 36 3 5 22 
4 27 19 5 6 30 23 8 9 15 16 22 1 24 33 31 21 32 10 35 25 11 34 2 3 12 36 18 17 26 14 28 7 20 13 
2 26 15 8 10 9 31 3 17 30 28 7 4 35 6 36 14 22 13 19 23 5 18 16 20 34 29 27 25 33 12 11 21 24 32 
7 23 31 17 28 25 1 13 19 35 4 36 18 3 10 11 29 20 14 8 12 33 27 21 32 16 5 24 22 2 26 34 9 6 30 
30 31 2 13 33 14 17 24 21 7 9 16 36 4 25 6 3 34 8 10 29 35 1 5 15 18 12 22 23 32 20 19 28 26 27 
32 20 10 26 1 7 36 5 4 12 2 13 19 14 21 18 31 33 27 28 6 3 16 22 25 8 9 30 11 34 17 35 15 29 24 
34 11 23 28 15 8 10 20 18 22 32 1 35 2 27 29 13 9 31 25 19 4 24 33 36 17 26 6 3 16 30 7 5 21 12 
27 16 4 21 35 5 29 14 11 8 25 3 17 7 1 20 23 15 12 9 34 26 32 30 19 13 2 28 31 24 18 6 33 22 36 
19 9 18 22 12 3 34 26 33 6 35 31 24 8 28 30 10 5 17 23 14 36 15 11 7 29 4 21 27 20 16 25 13 32 1 
24 29 36 6 25 17 28 30 15 19 23 27 11 12 32 22 16 26 21 20 7 2 13 18 35 14 33 5 10 1 3 31 34 8 4 
12 19 6 9 21 4 33 35 7 32 34 11 30 10 22 15 27 14 5 24 16 31 26 36 2 28 20 17 18 25 1 13 8 23 29 
35 34 16 10 29 24 19 27 20 9 14 30 12 11 2 32 26 4 6 17 33 8 23 13 5 3 15 1 36 21 28 22 31 25 18 
15 17 13 32 5 36 16 22 2 4 8 12 9 23 18 28 33 31 35 3 27 1 25 14 11 6 24 34 7 29 21 26 10 19 20 
23 8 33 3 27 22 21 25 10 24 1 28 6 13 16 35 5 29 2 34 18 20 11 7 30 9 19 31 26 4 36 32 12 15 14 
11 30 7 2 31 18 26 29 13 5 17 15 20 36 3 1 34 25 28 22 4 21 19 12 33 23 8 32 14 10 6 9 24 35 16 
14 28 26 25 20 1 3 36 31 23 6 18 21 17 24 19 8 7 29 15 32 10 30 9 12 35 22 16 13 27 5 4 11 2 33 
5 18 8 15 30 31 13 23 34 27 36 35 14 28 7 26 1 21 4 29 20 17 9 25 16 22 32 19 24 3 11 33 6 10 2 
1 22 9 16 36 23 15 10 3 21 24 8 34 30 17 12 18 2 32 27 5 19 6 26 31 25 11 33 20 7 13 29 14 4 28 
17 2 12 7 11 19 6 28 29 33 20 5 31 32 15 9 22 24 30 21 13 16 14 8 27 10 35 26 4 23 34 18 25 1 3 
26 35 24 29 4 33 14 12 1 16 22 25 8 6 20 27 11 13 3 31 2 18 10 34 17 36 21 9 30 28 15 23 19 7 5 
6 21 27 34 3 10 7 4 32 18 26 9 5 19 35 23 25 16 11 33 22 15 36 28 29 1 14 2 12 13 24 8 30 31 17 
20 13 25 14 32 28 11 17 30 31 19 2 10 33 29 4 36 3 23 1 35 12 7 24 6 5 18 15 34 8 27 16 22 9 21 
16 25 3 24 18 11 30 1 35 36 15 34 32 29 19 8 4 27 33 26 10 23 21 17 28 31 13 7 2 12 22 5 20 14 9 
31 5 1 33 7 27 24 18 14 11 13 21 22 9 34 16 2 17 15 12 30 25 28 6 26 4 23 20 29 35 32 10 36 3 8 
21 12 34 19 2 29 8 31 22 3 7 33 23 1 36 5 28 10 16 14 11 27 35 20 24 32 6 25 9 15 4 30 18 17 26 
22 32 17 36 8 6 9 16 26 28 5 23 25 31 13 24 20 18 34 2 3 7 4 19 1 27 10 14 33 30 35 15 29 12 11 
10 14 28 30 13 26 20 2 25 29 27 4 3 15 12 21 6 35 9 32 8 24 5 31 22 11 17 36 19 18 7 1 23 16 34 
9 15 35 4 23 20 32 19 6 17 12 10 7 26 14 33 30 11 18 13 36 29 22 1 34 21 16 3 8 5 31 24 2 27 25 
33 6 14 1 16 32 12 11 8 34 18 26 2 22 4 13 15 36 20 30 31 9 17 10 21 24 7 35 5 19 29 3 27 28 23 
25 10 30 18 19 34 4 15 23 13 31 24 28 20 11 14 35 12 22 16 1 6 2 27 9 33 3 29 32 17 8 21 26 36 7 
8 24 11 12 22 15 25 21 5 14 29 6 33 27 9 10 17 1 19 7 28 32 3 23 18 26 34 13 16 36 2 20 4 30 35 
3 7 21 31 9 2 27 33 28 1 10 17 29 18 23 34 32 30 36 5 26 14 8 35 4 20 25 11 15 22 19 12 16 13 6 
29 36 20 27 17 35 22 9 16 2 3 19 26 5 8 25 7 6 24 11 21 13 12 4 23 30 28 10 1 31 33 14 32 34 15 

Binomial encoding:
Solving time: 8.720911460000025
Number of variables: 46656
Number of clauses: 6542208

Product encoding:
Solving time: 1.45595942700038
Number of variables: 108864
Number of clauses: 1067904
