19 8 36 18 6 28 21 5 31 11 10 24 34 12 25 20 17 1 22 35 3 9 7 30 23 33 29 14 2 32 4 15 26 16 13 
34 11 22 29 14 23 32 33 13 35 27 1 3 15 5 30 9 31 12 2 10 19 26 4 8 18 17 25 7 16 24 6 36 28 20 
16 27 9 1 3 35 28 25 20 2 6 4 8 24 29 13 33 7 18 17 21 23 32 5 19 15 36 26 11 34 30 12 22 31 14 
10 26 21 13 20 17 3 7 9 14 19 15 22 23 35 4 11 27 16 6 33 8 36 28 5 12 1 31 24 30 18 34 25 29 32 
31 33 25 15 30 7 17 16 12 29 26 36 10 19 21 32 2 18 1 27 20 14 24 34 4 13 22 28 35 6 8 3 5 23 9 
5 4 32 24 12 2 22 30 34 23 18 8 16 6 36 14 26 28 31 15 13 11 25 29 27 3 21 20 10 9 1 33 17 35 19 
7 15 19 22 5 20 30 32 6 10 16 11 2 21 24 36 8 14 26 34 29 27 35 23 33 1 18 4 28 31 17 25 13 9 12 
11 23 30 12 29 27 24 13 26 1 21 31 19 32 9 16 4 15 3 5 2 33 22 6 20 10 14 35 17 25 28 7 18 8 34 
24 34 26 36 4 21 15 2 35 5 14 19 1 30 17 7 28 11 25 10 9 13 20 18 12 29 3 6 8 27 31 23 32 33 16 
9 25 13 28 16 33 18 8 27 12 7 23 6 22 3 10 31 35 14 21 30 4 19 17 2 34 32 5 36 26 15 20 11 24 1 
32 35 18 31 2 3 9 20 17 33 22 29 12 25 23 27 34 26 36 28 8 24 1 11 15 16 30 21 13 7 5 10 6 19 4 
17 6 14 8 1 10 34 28 36 4 3 25 18 20 33 5 13 29 32 7 31 12 15 16 24 9 11 22 19 23 26 35 21 2 27 
29 14 15 5 7 12 31 21 22 32 28 20 27 2 4 23 3 30 19 13 17 36 11 35 9 26 24 1 6 10 16 18 33 34 25 
1 16 27 3 18 26 19 29 25 7 23 35 36 33 13 11 22 32 9 20 14 15 10 2 31 30 8 34 12 17 21 4 28 6 24 
2 30 20 25 9 4 12 27 16 6 11 34 31 7 8 17 19 24 28 3 1 26 33 22 32 21 5 23 18 35 10 36 15 14 29 
6 36 10 17 28 8 33 1 24 15 9 14 35 16 26 18 21 5 4 31 27 34 29 32 7 25 13 2 22 19 20 11 12 3 30 
21 13 33 19 11 32 8 26 5 36 17 2 14 34 10 28 15 6 23 25 12 18 30 24 16 27 20 3 4 29 22 1 9 7 35 
22 24 23 35 31 34 4 10 18 13 30 3 9 29 20 1 12 25 7 16 6 21 5 8 11 14 28 36 33 15 27 2 19 17 26 
8 17 1 23 26 13 11 31 2 9 24 21 15 35 30 22 32 4 29 33 36 7 27 14 18 6 16 19 34 12 3 28 20 10 5 
28 3 2 34 19 9 13 17 30 22 36 7 25 18 31 21 29 16 10 4 35 20 6 26 14 5 27 33 15 11 32 24 23 12 8 
20 22 4 27 32 31 23 34 33 8 5 28 26 10 19 12 14 3 21 18 15 1 2 13 35 36 9 7 25 24 29 30 16 11 17 
30 18 5 16 36 14 1 35 19 3 29 10 24 17 6 33 27 20 11 8 32 28 12 25 26 22 2 13 23 4 7 31 34 15 21 
12 21 7 33 15 11 25 18 4 16 32 6 23 13 28 2 36 8 5 9 24 17 34 31 29 20 10 30 3 1 35 19 14 27 22 
35 10 29 6 25 24 20 14 15 26 12 27 5 11 1 34 7 9 30 23 22 3 16 19 21 28 31 17 32 8 2 13 4 36 18 
25 2 31 32 17 16 29 24 23 34 1 9 11 4 12 3 30 13 20 36 7 5 14 15 22 8 6 10 26 28 19 27 35 21 33 
3 7 12 21 24 19 26 6 32 18 8 13 29 36 16 15 35 17 2 22 4 25 28 10 30 31 23 9 27 33 14 5 1 20 11 
36 28 34 14 27 22 35 3 11 30 15 5 20 26 7 8 18 2 33 12 23 29 17 9 1 19 4 24 21 13 6 32 10 25 31 
23 20 11 4 35 29 10 19 21 25 31 17 28 9 14 24 1 33 6 26 16 30 18 27 34 2 12 32 5 36 13 8 7 22 3 
18 1 6 26 33 5 14 22 7 27 4 12 21 31 34 19 23 10 13 24 11 32 8 3 25 35 15 16 29 20 9 17 2 30 36 
15 9 8 10 13 30 2 36 28 20 33 16 32 5 27 25 6 22 35 19 34 31 21 1 3 17 7 11 14 18 12 26 29 4 23 
27 19 17 9 10 36 16 23 3 24 25 22 33 8 15 31 20 12 34 32 5 2 13 7 28 4 26 29 1 14 11 21 30 18 6 
26 29 24 30 34 6 5 4 8 28 2 18 17 3 11 9 16 36 27 1 19 35 23 21 10 32 33 15 20 22 25 14 31 13 7 
4 31 35 2 8 1 6 11 14 21 20 32 13 27 18 26 10 34 17 30 28 22 9 33 36 7 25 12 16 3 23 29 24 5 15 
13 12 16 20 21 18 7 9 29 19 34 26 30 14 32 6 5 23 15 11 25 10 3 36 17 24 35 27 31 2 33 22 8 1 28 
14 5 28 7 23 25 27 15 10 17 13 33 4 1 22 35 24 19 8 29 26 16 31 12 6 11 34 18 30 21 36 9 3 32 2 

Binomial encoding:
Solving time: 13.867173042999639
Number of variables: 46656
Number of clauses: 6542208

Product encoding:
Solving time: 8.004133358000217
Number of variables: 108864
Number of clauses: 1067904
