12 3 33 8 16 27 24 2 19 14 5 6 36 22 9 34 32 13 15 10 25 30 26 20 21 31 18 17 28 7 23 1 4 35 29 
29 24 30 2 6 20 27 13 9 28 25 18 10 31 1 4 12 17 21 5 16 3 34 35 15 14 23 11 32 8 26 19 22 7 36 
26 19 25 17 22 23 20 32 11 36 21 35 18 28 29 6 16 15 4 31 33 14 12 7 1 5 2 27 34 24 8 9 30 10 13 
18 10 36 32 31 11 7 34 23 33 15 4 3 30 35 8 14 20 1 2 19 24 29 6 12 26 16 22 13 9 25 5 17 28 21 
5 4 34 9 35 7 10 16 22 31 8 1 21 19 27 26 2 23 17 32 13 11 36 28 29 3 30 25 33 20 24 18 14 6 12 
1 15 28 21 14 13 12 29 30 26 3 17 25 7 33 5 24 11 18 9 27 22 8 23 36 4 19 35 10 6 31 20 2 34 32 
7 13 24 5 23 16 34 1 15 11 27 21 28 17 36 14 3 33 2 35 12 25 10 29 19 22 4 8 30 26 9 31 20 32 18 
6 31 4 30 12 8 26 25 3 18 22 23 27 5 24 13 35 32 16 17 15 20 9 34 33 1 36 7 11 10 21 2 19 14 28 
35 22 10 34 2 3 13 31 28 17 33 20 9 6 4 16 19 30 5 8 21 27 14 36 18 15 29 32 24 23 1 12 7 11 25 
15 1 32 25 29 17 8 19 36 35 6 14 34 20 21 10 7 31 30 23 28 26 11 18 9 27 3 12 2 5 16 22 24 33 4 
20 33 14 27 18 9 16 4 32 30 2 10 26 11 8 15 29 12 7 1 6 19 22 24 13 35 21 31 25 28 17 23 36 3 5 
19 36 21 26 11 28 5 7 24 12 9 29 1 25 2 22 23 18 31 13 3 4 32 33 6 17 20 34 16 14 15 27 8 30 10 
10 27 1 23 17 24 32 26 5 6 7 8 33 2 11 3 34 21 13 18 14 35 31 19 30 28 12 15 29 25 22 4 9 36 16 
3 32 16 7 5 36 4 24 27 13 31 19 30 29 14 25 26 22 10 11 20 1 17 8 34 21 9 23 35 33 28 6 15 18 2 
9 25 35 14 26 19 3 30 18 34 28 2 32 27 15 36 20 1 33 12 5 21 24 22 16 10 17 6 4 31 29 13 11 8 7 
2 30 15 33 20 34 9 11 10 21 36 12 4 23 19 35 28 8 6 27 29 7 3 16 24 13 26 18 14 22 5 17 31 25 1 
4 6 12 11 13 29 1 15 25 22 23 33 7 16 18 17 31 10 34 30 36 28 2 9 20 8 32 5 19 27 14 3 35 21 26 
8 28 18 31 21 22 29 35 17 20 14 16 12 9 6 24 13 5 25 4 26 15 23 32 7 2 11 1 36 3 10 33 34 19 27 
13 11 5 24 33 12 31 20 2 23 18 32 35 26 7 29 25 28 19 16 4 9 1 10 8 6 22 36 3 34 30 14 27 15 17 
27 9 26 35 15 30 11 33 6 19 16 5 17 32 20 1 10 36 8 21 23 34 13 14 31 18 28 2 7 12 3 29 25 24 22 
16 7 23 20 36 18 14 10 35 24 29 27 31 3 13 30 8 4 28 6 22 2 15 17 25 33 5 26 21 32 12 34 1 9 11 
22 2 19 10 4 14 25 12 26 8 13 30 6 15 16 21 9 34 27 7 24 36 33 3 11 20 35 29 1 17 18 32 23 5 31 
28 21 29 6 3 31 36 22 1 9 17 34 19 12 5 18 27 2 20 25 35 32 30 11 4 24 15 14 23 13 7 16 10 26 33 
34 17 8 1 32 25 21 28 7 3 4 15 22 14 23 11 33 24 12 29 31 5 18 26 10 30 27 16 9 19 6 36 13 20 35 
21 34 13 15 28 33 22 17 31 2 10 25 23 8 3 27 11 29 36 20 1 16 5 30 35 32 24 4 6 18 19 7 26 12 14 
24 20 2 12 1 10 23 9 4 32 35 13 16 33 17 19 15 25 14 26 18 6 7 31 28 29 34 30 5 36 11 8 21 27 3 
31 29 22 16 7 26 19 18 34 5 24 3 2 4 12 20 36 35 9 28 11 17 21 27 14 23 13 33 8 15 32 10 6 1 30 
14 8 27 4 30 35 6 36 21 1 11 28 5 18 10 9 22 26 32 33 34 23 19 15 17 7 25 3 12 16 13 24 29 2 20 
17 23 3 18 9 6 30 14 16 29 20 26 24 1 34 32 21 7 35 22 8 13 25 12 2 19 31 10 27 11 36 28 33 4 15 
36 5 11 19 25 32 33 27 8 15 12 7 14 13 31 28 30 6 24 3 10 29 4 2 26 9 1 20 22 21 34 35 16 17 23 
11 26 17 36 24 1 18 8 12 16 19 22 20 10 25 23 4 27 3 14 9 31 28 13 5 34 33 21 15 35 2 30 32 29 6 
32 35 9 28 8 21 2 5 20 10 1 11 15 34 22 33 6 3 29 19 17 18 16 25 27 36 7 13 31 30 4 26 12 23 24 
30 16 6 29 27 5 17 3 13 7 34 36 8 21 32 31 18 9 26 15 2 12 35 4 23 25 14 24 20 1 33 11 28 22 19 
23 14 20 22 10 2 15 21 29 27 30 31 13 24 28 7 5 19 11 36 32 33 6 1 3 12 8 9 26 4 35 25 18 16 34 
33 18 31 3 34 4 28 23 14 25 26 9 29 35 30 12 1 16 22 24 7 10 27 21 32 11 6 19 17 2 20 15 5 13 8 

Binomial encoding:
Solving time: 10.495104551000622
Number of variables: 46656
Number of clauses: 6542208

Product encoding:
Solving time: 7.697993494999537
Number of variables: 108864
Number of clauses: 1067904
