26 27 16 33 22 4 20 2 5 10 3 34 8 1 36 11 24 21 7 23 32 14 30 13 18 12 6 9 19 15 25 35 28 29 31 
19 21 31 9 14 7 11 36 16 28 8 25 15 2 27 26 33 30 22 29 35 20 17 6 4 24 1 13 3 23 34 5 12 10 32 
6 2 15 30 34 18 12 29 35 22 1 7 31 10 19 3 20 14 9 25 8 27 28 16 5 32 17 36 26 33 24 11 23 4 21 
29 36 5 32 11 17 15 26 6 27 19 21 4 23 35 28 16 13 12 10 24 31 3 18 22 20 25 34 2 30 14 9 8 7 1 
28 1 3 8 12 23 30 9 13 24 18 14 32 17 25 22 5 7 15 34 11 33 4 19 21 16 35 10 29 31 20 26 36 2 6 
10 20 25 13 24 35 17 4 23 31 32 33 6 9 34 12 29 18 21 36 26 5 1 2 14 27 11 28 7 8 15 30 16 3 19 
17 8 33 2 31 1 10 21 32 25 7 11 5 16 13 15 22 4 36 24 18 29 23 9 26 28 27 12 14 35 30 34 6 19 20 
27 6 24 11 30 19 9 18 33 2 36 26 29 14 8 34 21 17 13 3 10 28 32 15 16 22 7 20 4 1 5 12 35 31 23 
7 13 4 22 29 16 23 34 28 8 35 15 27 6 31 30 25 32 17 5 20 12 19 21 2 36 24 3 33 9 11 14 18 1 26 
14 15 28 3 18 5 22 19 30 4 20 12 10 36 2 1 26 33 25 31 7 35 27 11 23 6 21 32 8 34 16 29 24 17 13 
20 10 23 34 32 25 13 24 31 14 17 16 3 12 28 7 35 9 8 6 1 26 22 33 29 30 19 18 11 5 36 27 15 21 4 
21 35 36 12 26 9 3 27 1 5 29 6 19 24 18 20 23 11 2 14 30 34 16 4 17 31 10 15 25 13 8 28 22 33 7 
1 30 13 5 7 12 24 35 10 21 23 20 34 25 16 14 15 36 18 17 27 2 11 26 19 4 9 6 31 22 33 3 32 28 29 
23 16 6 27 19 8 25 12 17 32 13 18 28 22 7 2 4 31 29 9 15 21 24 36 33 11 5 30 20 3 26 1 14 35 10 
31 32 22 36 35 14 33 28 2 29 5 4 11 20 30 10 9 6 23 1 19 3 8 34 27 21 26 16 12 25 18 15 13 24 17 
15 4 20 17 3 11 16 14 34 6 31 36 13 26 24 5 18 27 32 22 33 10 25 7 1 8 23 35 28 29 2 19 21 9 30 
33 34 10 18 9 29 7 15 27 3 26 30 35 21 1 19 8 23 20 28 31 6 14 12 32 17 36 24 13 2 4 16 25 5 22 
25 28 26 24 21 2 19 1 22 9 11 8 12 32 33 17 3 29 5 35 16 4 13 30 10 34 18 14 15 7 6 36 31 23 27 
2 33 14 21 13 34 18 5 29 26 4 1 20 3 15 23 36 28 35 30 25 19 12 27 9 7 32 8 16 11 17 6 10 22 24 
18 25 35 7 1 3 8 16 21 20 34 27 30 19 17 29 12 24 33 26 6 15 2 10 31 23 14 4 22 36 28 13 9 32 11 
12 23 11 19 4 10 31 6 36 17 30 24 1 33 22 32 27 25 16 13 3 9 29 20 34 5 15 21 18 28 35 2 7 8 14 
5 9 29 15 8 31 32 10 3 13 33 22 7 18 4 35 14 2 28 11 17 23 34 24 20 25 30 26 6 27 1 21 19 36 12 
22 24 27 26 36 6 14 11 25 15 9 28 16 31 10 21 13 34 1 32 5 18 7 8 12 2 29 17 35 19 3 4 20 30 33 
16 17 32 28 20 30 35 7 19 23 12 2 26 11 5 9 6 8 31 4 21 22 36 14 13 1 3 33 10 24 27 25 29 18 34 
8 31 2 1 17 21 36 25 20 12 14 9 22 28 29 13 34 3 27 19 23 24 10 5 7 35 33 11 30 16 32 18 4 26 15 
13 12 30 4 23 36 1 3 26 35 6 29 9 15 14 27 17 19 34 18 28 16 20 25 8 10 22 31 5 32 7 24 33 11 2 
32 26 7 14 33 20 28 30 24 11 10 19 25 5 21 8 31 12 3 2 13 17 6 29 15 18 34 27 9 4 23 22 1 16 36 
9 5 19 16 25 15 4 31 7 18 22 23 33 35 20 36 32 10 26 12 14 11 21 1 6 3 2 29 24 17 13 8 27 34 28 
11 22 34 35 6 27 2 17 8 33 21 5 18 7 26 24 30 16 4 15 9 36 31 32 28 13 20 1 23 14 29 10 3 12 25 
3 29 18 10 28 24 27 13 15 34 16 32 2 4 23 6 11 1 30 8 22 7 33 35 36 19 12 25 21 26 9 31 17 20 5 
34 19 9 29 15 32 21 8 12 7 24 35 23 27 11 31 1 26 6 16 2 13 5 17 3 14 28 22 36 20 10 33 30 25 18 
4 18 1 25 27 26 34 23 14 19 2 10 36 8 9 16 7 20 24 21 12 30 15 28 35 33 31 5 17 6 22 32 11 13 3 
36 11 12 20 5 22 6 33 4 30 28 13 24 29 3 18 10 15 14 7 34 8 26 31 25 9 16 23 32 21 19 17 2 27 35 
24 3 8 6 10 13 5 32 9 36 25 17 21 34 12 33 19 22 11 20 29 1 35 23 30 15 4 2 27 18 31 7 26 14 16 
30 14 21 23 16 28 29 22 11 1 27 31 17 13 6 25 2 35 19 33 4 32 18 3 24 26 8 7 34 10 12 20 5 15 9 

Binomial encoding:
Solving time: 8.979810924999583
Number of variables: 46656
Number of clauses: 6542208

Product encoding:
Solving time: 1.827632581999751
Number of variables: 108864
Number of clauses: 1067904
