20 16 32 2 7 14 34 6 21 36 30 1 15 22 9 27 17 26 33 24 31 10 28 29 11 25 13 8 23 18 5 4 12 19 3 
26 4 12 28 25 24 23 3 18 32 8 19 7 1 5 36 35 20 6 22 16 34 27 13 31 30 17 29 9 15 14 10 11 2 21 
30 29 22 1 35 15 33 5 24 7 10 26 21 13 32 11 16 31 9 12 17 18 23 25 36 3 2 14 4 19 28 6 8 34 20 
17 18 27 11 6 23 13 4 29 35 31 22 10 8 19 12 3 28 15 21 20 2 1 14 24 26 7 33 34 5 36 16 30 25 9 
19 34 5 8 31 10 9 25 11 28 27 16 24 23 2 33 29 14 30 36 4 3 32 7 21 20 6 22 35 12 17 15 13 1 26 
36 13 9 3 33 21 12 15 14 17 2 20 6 34 25 18 4 30 19 5 35 8 26 11 16 32 10 28 1 27 22 23 29 7 31 
34 24 33 6 10 31 4 12 27 1 16 3 18 17 14 26 8 22 5 35 9 29 25 21 15 11 19 23 2 13 7 20 28 30 32 
32 30 23 12 14 27 28 10 31 9 35 13 34 19 7 6 15 21 36 17 11 33 20 2 3 4 22 25 18 16 24 29 5 8 1 
22 11 36 9 21 2 6 26 8 15 5 29 3 33 13 23 28 24 31 30 7 32 19 16 20 12 34 1 14 10 35 18 25 27 17 
8 19 1 16 5 18 14 11 30 24 17 32 36 25 20 35 12 2 23 15 6 28 34 4 29 27 9 21 26 7 33 31 3 13 22 
25 15 3 4 20 35 19 23 22 2 18 7 30 10 11 29 31 32 8 26 1 27 13 24 5 36 28 6 17 33 12 21 14 9 16 
13 28 26 17 29 7 36 20 34 33 25 21 1 9 27 4 5 16 22 3 14 12 18 10 35 31 8 30 24 32 19 11 2 23 6 
5 22 13 19 36 29 21 2 16 3 28 10 33 15 1 31 32 6 7 11 24 23 12 9 27 8 18 17 30 26 34 25 4 35 14 
4 7 34 32 17 8 25 14 33 23 24 11 16 35 29 5 21 10 20 18 3 19 6 30 28 2 1 31 15 36 27 26 9 12 13 
9 21 30 31 23 20 27 36 1 18 22 12 19 7 26 24 14 13 4 2 28 17 35 8 34 10 25 32 16 6 11 3 15 29 33 
18 35 16 10 3 33 8 34 6 26 13 5 9 11 22 20 36 17 25 27 29 1 15 31 14 7 4 24 12 21 30 19 32 28 2 
6 25 24 27 26 12 32 29 4 20 15 17 2 28 30 34 18 23 14 10 36 5 33 22 13 9 11 35 19 3 1 7 21 16 8 
2 1 14 15 11 28 35 31 19 30 7 9 25 4 3 8 27 12 16 32 13 26 21 34 22 33 5 20 29 23 18 17 24 10 36 
1 3 17 5 19 16 30 35 28 21 14 15 13 12 34 32 6 29 26 23 25 24 36 20 7 22 33 18 11 9 10 8 31 4 27 
28 9 31 33 22 25 18 7 20 19 12 8 27 36 35 15 24 11 32 13 30 21 4 6 1 14 26 10 3 2 16 34 17 5 23 
24 23 6 13 15 32 17 1 36 29 34 2 14 21 10 7 20 4 3 33 8 22 5 18 19 16 27 12 28 31 9 30 26 11 35 
14 20 7 36 4 30 11 16 32 5 3 33 26 18 8 2 9 1 10 29 15 35 31 27 17 23 24 34 13 25 6 22 19 21 28 
10 27 21 34 8 11 31 24 9 22 26 25 28 3 33 30 23 5 17 19 2 16 14 12 32 35 36 4 6 29 15 13 18 20 7 
35 2 18 29 12 26 10 27 13 6 23 4 22 31 17 16 25 19 1 7 34 11 9 28 8 5 21 15 20 30 3 33 36 32 24 
7 14 10 24 28 4 1 13 25 31 9 18 5 32 15 17 33 35 2 34 21 6 8 23 12 19 29 16 36 22 26 27 20 3 30 
3 12 35 20 13 17 22 21 2 4 19 24 23 16 6 28 26 36 11 31 32 7 30 15 25 1 14 27 10 34 29 9 33 18 5 
15 31 25 18 32 36 3 17 35 11 33 27 8 14 21 1 30 34 28 9 10 13 29 26 23 6 20 7 5 4 2 24 16 22 12 
27 26 19 22 9 1 15 28 5 12 32 14 31 29 24 10 7 3 35 20 18 25 16 33 2 21 30 13 8 11 4 36 23 6 34 
21 8 29 23 34 5 7 30 26 16 20 6 11 2 18 25 13 27 12 4 19 36 22 3 33 17 15 9 32 24 31 35 1 14 10 
11 33 2 30 16 6 29 8 23 10 36 34 4 20 12 22 19 9 27 1 5 14 24 17 26 18 35 3 31 28 13 32 7 15 25 
23 6 8 25 2 9 20 18 10 13 1 30 35 5 16 19 34 33 24 28 26 31 11 32 4 15 3 36 27 14 21 12 22 17 29 
12 5 15 7 1 22 26 33 3 14 11 35 17 24 23 13 10 25 29 16 27 4 2 36 9 34 32 19 21 8 20 28 6 31 18 
16 36 4 35 24 3 2 19 15 34 29 23 32 6 31 9 1 18 21 25 22 30 17 5 10 28 12 26 7 20 8 14 27 33 11 
33 32 28 26 30 13 24 22 17 8 6 31 20 27 4 21 11 7 34 14 12 15 3 1 18 29 16 5 25 35 23 2 10 36 19 
29 17 11 21 27 34 16 9 7 25 4 36 12 26 28 14 22 8 18 6 23 20 10 19 30 13 31 2 33 1 32 5 35 24 15 

Binomial encoding:
Solving time: 9.719415650000883
Number of variables: 46656
Number of clauses: 6542208

Product encoding:
Solving time: 3.650207507000232
Number of variables: 108864
Number of clauses: 1067904
