7 18 2 5 34 16 15 29 30 19 1 3 6 22 23 31 35 12 36 17 26 10 11 32 13 33 20 9 25 14 27 21 8 4 28 
31 21 27 23 35 3 5 28 26 16 8 13 2 15 18 24 14 9 4 22 7 20 34 33 12 6 30 1 11 32 25 36 17 10 29 
20 13 22 10 12 26 2 25 14 35 4 24 36 3 29 30 17 32 8 9 6 31 28 23 7 19 21 15 27 16 18 11 33 5 1 
14 25 32 8 15 29 23 6 7 17 36 11 33 21 34 19 5 1 24 3 18 2 30 27 4 28 26 10 31 35 22 20 16 13 9 
30 19 17 28 33 36 34 31 32 9 18 12 25 11 4 10 27 20 21 16 29 1 13 14 24 23 8 2 5 22 7 15 35 26 3 
24 6 9 4 1 11 33 21 27 22 10 20 8 28 16 13 7 26 35 25 19 5 15 12 18 3 17 36 29 34 31 30 23 14 32 
8 9 28 32 24 6 17 34 31 3 21 25 16 20 15 33 11 4 29 10 13 7 12 26 30 1 5 23 19 18 35 27 2 36 14 
23 16 10 29 4 17 35 7 2 30 12 15 18 6 24 36 22 34 14 27 21 3 33 31 9 11 25 20 13 8 1 26 5 28 19 
34 36 12 33 5 21 11 4 23 18 32 8 31 10 14 35 26 13 2 15 30 22 1 19 27 16 7 28 24 6 29 17 9 3 25 
26 1 31 13 14 22 29 27 9 10 6 36 21 5 2 32 25 19 28 20 8 11 18 16 35 34 33 17 15 3 23 12 24 30 4 
11 27 19 3 20 2 26 13 24 1 28 22 7 30 8 12 29 23 9 5 25 17 32 35 31 14 36 4 10 21 34 33 6 18 15 
15 7 30 25 18 35 16 5 19 20 33 14 17 9 27 28 1 3 6 24 36 34 23 4 22 12 2 29 32 26 10 8 31 11 21 
5 28 36 34 23 32 7 19 17 31 24 29 22 2 3 18 6 35 1 11 33 16 27 20 25 26 12 14 4 15 13 9 30 21 8 
13 17 16 30 6 15 10 11 18 8 35 33 27 25 9 21 12 14 26 31 24 32 19 7 3 29 23 22 34 1 5 28 36 2 20 
2 12 14 18 22 10 1 30 20 15 5 23 29 31 13 11 24 8 34 28 17 25 4 21 6 27 32 35 36 9 33 16 3 19 7 
33 3 21 24 8 25 36 16 34 27 22 32 19 4 30 26 20 17 23 14 2 15 10 9 5 18 13 11 7 28 6 31 29 12 35 
29 26 20 7 9 1 12 3 28 4 2 21 34 16 10 5 33 15 13 18 22 36 35 6 17 8 24 19 30 31 11 14 25 32 23 
19 4 11 35 31 27 25 14 6 13 26 9 28 36 1 23 32 7 12 29 3 8 5 30 21 20 10 33 16 2 17 24 34 15 22 
6 10 18 26 30 14 28 24 36 11 27 17 13 19 22 7 4 33 31 2 16 21 25 3 29 9 1 34 35 20 15 5 32 23 12 
35 32 34 31 3 7 13 33 12 14 15 10 30 23 20 2 36 16 18 19 28 9 29 5 26 22 4 6 8 25 24 1 11 17 27 
21 29 15 20 25 23 30 1 22 26 19 16 5 34 17 14 9 28 11 8 10 33 36 24 2 32 27 31 18 12 3 4 13 7 6 
17 11 4 2 28 9 6 8 3 7 29 31 1 27 32 25 15 24 22 35 12 14 20 13 36 5 19 21 23 10 16 18 26 33 34 
12 5 1 22 16 13 18 20 4 2 23 35 3 26 11 8 21 10 27 34 32 30 6 17 15 24 14 7 28 33 9 25 19 31 36 
36 33 8 19 27 24 9 32 21 25 34 5 35 12 31 29 18 6 7 4 1 23 26 15 11 13 3 16 17 30 28 10 20 22 2 
3 2 35 27 21 33 14 26 13 29 17 28 10 8 19 1 30 36 15 32 9 24 31 34 23 25 16 18 20 4 12 22 7 6 5 
4 30 5 17 10 18 21 2 11 6 16 19 9 24 35 22 28 27 33 23 14 29 3 25 1 7 34 12 26 36 8 32 15 20 13 
25 24 23 14 11 28 20 18 35 32 31 27 12 33 5 15 34 29 16 7 4 6 8 22 19 10 9 30 3 13 36 2 21 1 26 
22 15 13 12 26 19 3 23 10 34 25 30 32 7 21 6 31 11 5 1 20 28 17 36 33 2 29 8 14 24 4 35 18 27 16 
1 34 7 6 36 20 8 12 15 33 9 4 14 17 26 16 23 2 10 13 27 19 21 18 32 35 31 5 22 11 30 3 28 29 24 
16 8 29 9 32 31 24 22 5 36 7 1 20 13 25 4 3 18 30 12 35 26 2 11 28 15 6 27 21 17 14 19 10 34 33 
9 35 24 36 13 12 22 17 29 28 20 26 23 1 6 34 2 31 25 30 11 4 14 8 10 21 15 3 33 19 32 7 27 16 18 
32 22 26 15 7 5 19 10 33 24 11 18 4 14 12 17 16 30 3 6 34 27 9 29 20 36 35 25 2 23 21 13 1 8 31 
28 31 25 21 2 30 4 36 16 23 3 6 24 32 33 9 8 22 20 26 5 18 7 1 34 17 11 13 12 27 19 29 14 35 10 
18 23 3 1 29 4 27 15 25 12 14 2 11 35 7 20 19 21 32 36 31 13 16 10 8 30 28 24 6 5 26 34 22 9 17 
27 14 6 11 17 34 31 9 8 21 13 7 26 18 28 3 10 5 19 33 15 35 24 2 16 4 22 32 1 29 20 23 12 25 30 

Binomial encoding:
Solving time: 12.798514737000005
Number of variables: 46656
Number of clauses: 6542208

Product encoding:
Solving time: 4.903424311999515
Number of variables: 108864
Number of clauses: 1067904
